p cnf 54 1036
21 22 23 24 25 0
21 26 31 36 41 0
-21 -22 0
-21 -26 0
-21 -23 0
-21 -31 0
-21 -24 0
-21 -36 0
-21 -25 0
-21 -41 0
-22 -21 0
-26 -21 0
-22 -23 0
-26 -31 0
-22 -24 0
-26 -36 0
-22 -25 0
-26 -41 0
-23 -21 0
-31 -21 0
-23 -22 0
-31 -26 0
-23 -24 0
-31 -36 0
-23 -25 0
-31 -41 0
-24 -21 0
-36 -21 0
-24 -22 0
-36 -26 0
-24 -23 0
-36 -31 0
-24 -25 0
-36 -41 0
-25 -21 0
-41 -21 0
-25 -22 0
-41 -26 0
-25 -23 0
-41 -31 0
-25 -24 0
-41 -36 0
26 27 28 29 30 0
22 27 32 37 42 0
-26 -27 0
-22 -27 0
-26 -28 0
-22 -32 0
-26 -29 0
-22 -37 0
-26 -30 0
-22 -42 0
-27 -26 0
-27 -22 0
-27 -28 0
-27 -32 0
-27 -29 0
-27 -37 0
-27 -30 0
-27 -42 0
-28 -26 0
-32 -22 0
-28 -27 0
-32 -27 0
-28 -29 0
-32 -37 0
-28 -30 0
-32 -42 0
-29 -26 0
-37 -22 0
-29 -27 0
-37 -27 0
-29 -28 0
-37 -32 0
-29 -30 0
-37 -42 0
-30 -26 0
-42 -22 0
-30 -27 0
-42 -27 0
-30 -28 0
-42 -32 0
-30 -29 0
-42 -37 0
31 32 33 34 35 0
23 28 33 38 43 0
-31 -32 0
-23 -28 0
-31 -33 0
-23 -33 0
-31 -34 0
-23 -38 0
-31 -35 0
-23 -43 0
-32 -31 0
-28 -23 0
-32 -33 0
-28 -33 0
-32 -34 0
-28 -38 0
-32 -35 0
-28 -43 0
-33 -31 0
-33 -23 0
-33 -32 0
-33 -28 0
-33 -34 0
-33 -38 0
-33 -35 0
-33 -43 0
-34 -31 0
-38 -23 0
-34 -32 0
-38 -28 0
-34 -33 0
-38 -33 0
-34 -35 0
-38 -43 0
-35 -31 0
-43 -23 0
-35 -32 0
-43 -28 0
-35 -33 0
-43 -33 0
-35 -34 0
-43 -38 0
36 37 38 39 40 0
24 29 34 39 44 0
-36 -37 0
-24 -29 0
-36 -38 0
-24 -34 0
-36 -39 0
-24 -39 0
-36 -40 0
-24 -44 0
-37 -36 0
-29 -24 0
-37 -38 0
-29 -34 0
-37 -39 0
-29 -39 0
-37 -40 0
-29 -44 0
-38 -36 0
-34 -24 0
-38 -37 0
-34 -29 0
-38 -39 0
-34 -39 0
-38 -40 0
-34 -44 0
-39 -36 0
-39 -24 0
-39 -37 0
-39 -29 0
-39 -38 0
-39 -34 0
-39 -40 0
-39 -44 0
-40 -36 0
-44 -24 0
-40 -37 0
-44 -29 0
-40 -38 0
-44 -34 0
-40 -39 0
-44 -39 0
41 42 43 44 45 0
25 30 35 40 45 0
-41 -42 0
-25 -30 0
-41 -43 0
-25 -35 0
-41 -44 0
-25 -40 0
-41 -45 0
-25 -45 0
-42 -41 0
-30 -25 0
-42 -43 0
-30 -35 0
-42 -44 0
-30 -40 0
-42 -45 0
-30 -45 0
-43 -41 0
-35 -25 0
-43 -42 0
-35 -30 0
-43 -44 0
-35 -40 0
-43 -45 0
-35 -45 0
-44 -41 0
-40 -25 0
-44 -42 0
-40 -30 0
-44 -43 0
-40 -35 0
-44 -45 0
-40 -45 0
-45 -41 0
-45 -25 0
-45 -42 0
-45 -30 0
-45 -43 0
-45 -35 0
-45 -44 0
-45 -40 0
-1 -21 -27 11 0
-11 -21 -27 1 0
-1 -21 -28 12 0
-12 -21 -28 1 0
-1 -21 -29 14 0
-14 -21 -29 1 0
-1 -21 -30 17 0
-17 -21 -30 1 0
-2 -21 -32 11 0
-11 -21 -32 2 0
-2 -21 -33 12 0
-12 -21 -33 2 0
-2 -21 -34 14 0
-14 -21 -34 2 0
-2 -21 -35 17 0
-17 -21 -35 2 0
-4 -21 -37 11 0
-11 -21 -37 4 0
-4 -21 -38 12 0
-12 -21 -38 4 0
-4 -21 -39 14 0
-14 -21 -39 4 0
-4 -21 -40 17 0
-17 -21 -40 4 0
-7 -21 -42 11 0
-11 -21 -42 7 0
-7 -21 -43 12 0
-12 -21 -43 7 0
-7 -21 -44 14 0
-14 -21 -44 7 0
-7 -21 -45 17 0
-17 -21 -45 7 0
-1 -22 -26 11 0
-11 -22 -26 1 0
-1 -22 -28 13 0
-13 -22 -28 1 0
-1 -22 -29 15 0
-15 -22 -29 1 0
-1 -22 -30 18 0
-18 -22 -30 1 0
-2 -22 -31 11 0
-11 -22 -31 2 0
-2 -22 -33 13 0
-13 -22 -33 2 0
-2 -22 -34 15 0
-15 -22 -34 2 0
-2 -22 -35 18 0
-18 -22 -35 2 0
-4 -22 -36 11 0
-11 -22 -36 4 0
-4 -22 -38 13 0
-13 -22 -38 4 0
-4 -22 -39 15 0
-15 -22 -39 4 0
-4 -22 -40 18 0
-18 -22 -40 4 0
-7 -22 -41 11 0
-11 -22 -41 7 0
-7 -22 -43 13 0
-13 -22 -43 7 0
-7 -22 -44 15 0
-15 -22 -44 7 0
-7 -22 -45 18 0
-18 -22 -45 7 0
-1 -23 -26 12 0
-12 -23 -26 1 0
-1 -23 -27 13 0
-13 -23 -27 1 0
-1 -23 -29 16 0
-16 -23 -29 1 0
-1 -23 -30 19 0
-19 -23 -30 1 0
-2 -23 -31 12 0
-12 -23 -31 2 0
-2 -23 -32 13 0
-13 -23 -32 2 0
-2 -23 -34 16 0
-16 -23 -34 2 0
-2 -23 -35 19 0
-19 -23 -35 2 0
-4 -23 -36 12 0
-12 -23 -36 4 0
-4 -23 -37 13 0
-13 -23 -37 4 0
-4 -23 -39 16 0
-16 -23 -39 4 0
-4 -23 -40 19 0
-19 -23 -40 4 0
-7 -23 -41 12 0
-12 -23 -41 7 0
-7 -23 -42 13 0
-13 -23 -42 7 0
-7 -23 -44 16 0
-16 -23 -44 7 0
-7 -23 -45 19 0
-19 -23 -45 7 0
-1 -24 -26 14 0
-14 -24 -26 1 0
-1 -24 -27 15 0
-15 -24 -27 1 0
-1 -24 -28 16 0
-16 -24 -28 1 0
-1 -24 -30 20 0
-20 -24 -30 1 0
-2 -24 -31 14 0
-14 -24 -31 2 0
-2 -24 -32 15 0
-15 -24 -32 2 0
-2 -24 -33 16 0
-16 -24 -33 2 0
-2 -24 -35 20 0
-20 -24 -35 2 0
-4 -24 -36 14 0
-14 -24 -36 4 0
-4 -24 -37 15 0
-15 -24 -37 4 0
-4 -24 -38 16 0
-16 -24 -38 4 0
-4 -24 -40 20 0
-20 -24 -40 4 0
-7 -24 -41 14 0
-14 -24 -41 7 0
-7 -24 -42 15 0
-15 -24 -42 7 0
-7 -24 -43 16 0
-16 -24 -43 7 0
-7 -24 -45 20 0
-20 -24 -45 7 0
-1 -25 -26 17 0
-17 -25 -26 1 0
-1 -25 -27 18 0
-18 -25 -27 1 0
-1 -25 -28 19 0
-19 -25 -28 1 0
-1 -25 -29 20 0
-20 -25 -29 1 0
-2 -25 -31 17 0
-17 -25 -31 2 0
-2 -25 -32 18 0
-18 -25 -32 2 0
-2 -25 -33 19 0
-19 -25 -33 2 0
-2 -25 -34 20 0
-20 -25 -34 2 0
-4 -25 -36 17 0
-17 -25 -36 4 0
-4 -25 -37 18 0
-18 -25 -37 4 0
-4 -25 -38 19 0
-19 -25 -38 4 0
-4 -25 -39 20 0
-20 -25 -39 4 0
-7 -25 -41 17 0
-17 -25 -41 7 0
-7 -25 -42 18 0
-18 -25 -42 7 0
-7 -25 -43 19 0
-19 -25 -43 7 0
-7 -25 -44 20 0
-20 -25 -44 7 0
-1 -26 -22 11 0
-11 -26 -22 1 0
-1 -26 -23 12 0
-12 -26 -23 1 0
-1 -26 -24 14 0
-14 -26 -24 1 0
-1 -26 -25 17 0
-17 -26 -25 1 0
-3 -26 -32 11 0
-11 -26 -32 3 0
-3 -26 -33 12 0
-12 -26 -33 3 0
-3 -26 -34 14 0
-14 -26 -34 3 0
-3 -26 -35 17 0
-17 -26 -35 3 0
-5 -26 -37 11 0
-11 -26 -37 5 0
-5 -26 -38 12 0
-12 -26 -38 5 0
-5 -26 -39 14 0
-14 -26 -39 5 0
-5 -26 -40 17 0
-17 -26 -40 5 0
-8 -26 -42 11 0
-11 -26 -42 8 0
-8 -26 -43 12 0
-12 -26 -43 8 0
-8 -26 -44 14 0
-14 -26 -44 8 0
-8 -26 -45 17 0
-17 -26 -45 8 0
-1 -27 -21 11 0
-11 -27 -21 1 0
-1 -27 -23 13 0
-13 -27 -23 1 0
-1 -27 -24 15 0
-15 -27 -24 1 0
-1 -27 -25 18 0
-18 -27 -25 1 0
-3 -27 -31 11 0
-11 -27 -31 3 0
-3 -27 -33 13 0
-13 -27 -33 3 0
-3 -27 -34 15 0
-15 -27 -34 3 0
-3 -27 -35 18 0
-18 -27 -35 3 0
-5 -27 -36 11 0
-11 -27 -36 5 0
-5 -27 -38 13 0
-13 -27 -38 5 0
-5 -27 -39 15 0
-15 -27 -39 5 0
-5 -27 -40 18 0
-18 -27 -40 5 0
-8 -27 -41 11 0
-11 -27 -41 8 0
-8 -27 -43 13 0
-13 -27 -43 8 0
-8 -27 -44 15 0
-15 -27 -44 8 0
-8 -27 -45 18 0
-18 -27 -45 8 0
-1 -28 -21 12 0
-12 -28 -21 1 0
-1 -28 -22 13 0
-13 -28 -22 1 0
-1 -28 -24 16 0
-16 -28 -24 1 0
-1 -28 -25 19 0
-19 -28 -25 1 0
-3 -28 -31 12 0
-12 -28 -31 3 0
-3 -28 -32 13 0
-13 -28 -32 3 0
-3 -28 -34 16 0
-16 -28 -34 3 0
-3 -28 -35 19 0
-19 -28 -35 3 0
-5 -28 -36 12 0
-12 -28 -36 5 0
-5 -28 -37 13 0
-13 -28 -37 5 0
-5 -28 -39 16 0
-16 -28 -39 5 0
-5 -28 -40 19 0
-19 -28 -40 5 0
-8 -28 -41 12 0
-12 -28 -41 8 0
-8 -28 -42 13 0
-13 -28 -42 8 0
-8 -28 -44 16 0
-16 -28 -44 8 0
-8 -28 -45 19 0
-19 -28 -45 8 0
-1 -29 -21 14 0
-14 -29 -21 1 0
-1 -29 -22 15 0
-15 -29 -22 1 0
-1 -29 -23 16 0
-16 -29 -23 1 0
-1 -29 -25 20 0
-20 -29 -25 1 0
-3 -29 -31 14 0
-14 -29 -31 3 0
-3 -29 -32 15 0
-15 -29 -32 3 0
-3 -29 -33 16 0
-16 -29 -33 3 0
-3 -29 -35 20 0
-20 -29 -35 3 0
-5 -29 -36 14 0
-14 -29 -36 5 0
-5 -29 -37 15 0
-15 -29 -37 5 0
-5 -29 -38 16 0
-16 -29 -38 5 0
-5 -29 -40 20 0
-20 -29 -40 5 0
-8 -29 -41 14 0
-14 -29 -41 8 0
-8 -29 -42 15 0
-15 -29 -42 8 0
-8 -29 -43 16 0
-16 -29 -43 8 0
-8 -29 -45 20 0
-20 -29 -45 8 0
-1 -30 -21 17 0
-17 -30 -21 1 0
-1 -30 -22 18 0
-18 -30 -22 1 0
-1 -30 -23 19 0
-19 -30 -23 1 0
-1 -30 -24 20 0
-20 -30 -24 1 0
-3 -30 -31 17 0
-17 -30 -31 3 0
-3 -30 -32 18 0
-18 -30 -32 3 0
-3 -30 -33 19 0
-19 -30 -33 3 0
-3 -30 -34 20 0
-20 -30 -34 3 0
-5 -30 -36 17 0
-17 -30 -36 5 0
-5 -30 -37 18 0
-18 -30 -37 5 0
-5 -30 -38 19 0
-19 -30 -38 5 0
-5 -30 -39 20 0
-20 -30 -39 5 0
-8 -30 -41 17 0
-17 -30 -41 8 0
-8 -30 -42 18 0
-18 -30 -42 8 0
-8 -30 -43 19 0
-19 -30 -43 8 0
-8 -30 -44 20 0
-20 -30 -44 8 0
-2 -31 -22 11 0
-11 -31 -22 2 0
-2 -31 -23 12 0
-12 -31 -23 2 0
-2 -31 -24 14 0
-14 -31 -24 2 0
-2 -31 -25 17 0
-17 -31 -25 2 0
-3 -31 -27 11 0
-11 -31 -27 3 0
-3 -31 -28 12 0
-12 -31 -28 3 0
-3 -31 -29 14 0
-14 -31 -29 3 0
-3 -31 -30 17 0
-17 -31 -30 3 0
-6 -31 -37 11 0
-11 -31 -37 6 0
-6 -31 -38 12 0
-12 -31 -38 6 0
-6 -31 -39 14 0
-14 -31 -39 6 0
-6 -31 -40 17 0
-17 -31 -40 6 0
-9 -31 -42 11 0
-11 -31 -42 9 0
-9 -31 -43 12 0
-12 -31 -43 9 0
-9 -31 -44 14 0
-14 -31 -44 9 0
-9 -31 -45 17 0
-17 -31 -45 9 0
-2 -32 -21 11 0
-11 -32 -21 2 0
-2 -32 -23 13 0
-13 -32 -23 2 0
-2 -32 -24 15 0
-15 -32 -24 2 0
-2 -32 -25 18 0
-18 -32 -25 2 0
-3 -32 -26 11 0
-11 -32 -26 3 0
-3 -32 -28 13 0
-13 -32 -28 3 0
-3 -32 -29 15 0
-15 -32 -29 3 0
-3 -32 -30 18 0
-18 -32 -30 3 0
-6 -32 -36 11 0
-11 -32 -36 6 0
-6 -32 -38 13 0
-13 -32 -38 6 0
-6 -32 -39 15 0
-15 -32 -39 6 0
-6 -32 -40 18 0
-18 -32 -40 6 0
-9 -32 -41 11 0
-11 -32 -41 9 0
-9 -32 -43 13 0
-13 -32 -43 9 0
-9 -32 -44 15 0
-15 -32 -44 9 0
-9 -32 -45 18 0
-18 -32 -45 9 0
-2 -33 -21 12 0
-12 -33 -21 2 0
-2 -33 -22 13 0
-13 -33 -22 2 0
-2 -33 -24 16 0
-16 -33 -24 2 0
-2 -33 -25 19 0
-19 -33 -25 2 0
-3 -33 -26 12 0
-12 -33 -26 3 0
-3 -33 -27 13 0
-13 -33 -27 3 0
-3 -33 -29 16 0
-16 -33 -29 3 0
-3 -33 -30 19 0
-19 -33 -30 3 0
-6 -33 -36 12 0
-12 -33 -36 6 0
-6 -33 -37 13 0
-13 -33 -37 6 0
-6 -33 -39 16 0
-16 -33 -39 6 0
-6 -33 -40 19 0
-19 -33 -40 6 0
-9 -33 -41 12 0
-12 -33 -41 9 0
-9 -33 -42 13 0
-13 -33 -42 9 0
-9 -33 -44 16 0
-16 -33 -44 9 0
-9 -33 -45 19 0
-19 -33 -45 9 0
-2 -34 -21 14 0
-14 -34 -21 2 0
-2 -34 -22 15 0
-15 -34 -22 2 0
-2 -34 -23 16 0
-16 -34 -23 2 0
-2 -34 -25 20 0
-20 -34 -25 2 0
-3 -34 -26 14 0
-14 -34 -26 3 0
-3 -34 -27 15 0
-15 -34 -27 3 0
-3 -34 -28 16 0
-16 -34 -28 3 0
-3 -34 -30 20 0
-20 -34 -30 3 0
-6 -34 -36 14 0
-14 -34 -36 6 0
-6 -34 -37 15 0
-15 -34 -37 6 0
-6 -34 -38 16 0
-16 -34 -38 6 0
-6 -34 -40 20 0
-20 -34 -40 6 0
-9 -34 -41 14 0
-14 -34 -41 9 0
-9 -34 -42 15 0
-15 -34 -42 9 0
-9 -34 -43 16 0
-16 -34 -43 9 0
-9 -34 -45 20 0
-20 -34 -45 9 0
-2 -35 -21 17 0
-17 -35 -21 2 0
-2 -35 -22 18 0
-18 -35 -22 2 0
-2 -35 -23 19 0
-19 -35 -23 2 0
-2 -35 -24 20 0
-20 -35 -24 2 0
-3 -35 -26 17 0
-17 -35 -26 3 0
-3 -35 -27 18 0
-18 -35 -27 3 0
-3 -35 -28 19 0
-19 -35 -28 3 0
-3 -35 -29 20 0
-20 -35 -29 3 0
-6 -35 -36 17 0
-17 -35 -36 6 0
-6 -35 -37 18 0
-18 -35 -37 6 0
-6 -35 -38 19 0
-19 -35 -38 6 0
-6 -35 -39 20 0
-20 -35 -39 6 0
-9 -35 -41 17 0
-17 -35 -41 9 0
-9 -35 -42 18 0
-18 -35 -42 9 0
-9 -35 -43 19 0
-19 -35 -43 9 0
-9 -35 -44 20 0
-20 -35 -44 9 0
-4 -36 -22 11 0
-11 -36 -22 4 0
-4 -36 -23 12 0
-12 -36 -23 4 0
-4 -36 -24 14 0
-14 -36 -24 4 0
-4 -36 -25 17 0
-17 -36 -25 4 0
-5 -36 -27 11 0
-11 -36 -27 5 0
-5 -36 -28 12 0
-12 -36 -28 5 0
-5 -36 -29 14 0
-14 -36 -29 5 0
-5 -36 -30 17 0
-17 -36 -30 5 0
-6 -36 -32 11 0
-11 -36 -32 6 0
-6 -36 -33 12 0
-12 -36 -33 6 0
-6 -36 -34 14 0
-14 -36 -34 6 0
-6 -36 -35 17 0
-17 -36 -35 6 0
-10 -36 -42 11 0
-11 -36 -42 10 0
-10 -36 -43 12 0
-12 -36 -43 10 0
-10 -36 -44 14 0
-14 -36 -44 10 0
-10 -36 -45 17 0
-17 -36 -45 10 0
-4 -37 -21 11 0
-11 -37 -21 4 0
-4 -37 -23 13 0
-13 -37 -23 4 0
-4 -37 -24 15 0
-15 -37 -24 4 0
-4 -37 -25 18 0
-18 -37 -25 4 0
-5 -37 -26 11 0
-11 -37 -26 5 0
-5 -37 -28 13 0
-13 -37 -28 5 0
-5 -37 -29 15 0
-15 -37 -29 5 0
-5 -37 -30 18 0
-18 -37 -30 5 0
-6 -37 -31 11 0
-11 -37 -31 6 0
-6 -37 -33 13 0
-13 -37 -33 6 0
-6 -37 -34 15 0
-15 -37 -34 6 0
-6 -37 -35 18 0
-18 -37 -35 6 0
-10 -37 -41 11 0
-11 -37 -41 10 0
-10 -37 -43 13 0
-13 -37 -43 10 0
-10 -37 -44 15 0
-15 -37 -44 10 0
-10 -37 -45 18 0
-18 -37 -45 10 0
-4 -38 -21 12 0
-12 -38 -21 4 0
-4 -38 -22 13 0
-13 -38 -22 4 0
-4 -38 -24 16 0
-16 -38 -24 4 0
-4 -38 -25 19 0
-19 -38 -25 4 0
-5 -38 -26 12 0
-12 -38 -26 5 0
-5 -38 -27 13 0
-13 -38 -27 5 0
-5 -38 -29 16 0
-16 -38 -29 5 0
-5 -38 -30 19 0
-19 -38 -30 5 0
-6 -38 -31 12 0
-12 -38 -31 6 0
-6 -38 -32 13 0
-13 -38 -32 6 0
-6 -38 -34 16 0
-16 -38 -34 6 0
-6 -38 -35 19 0
-19 -38 -35 6 0
-10 -38 -41 12 0
-12 -38 -41 10 0
-10 -38 -42 13 0
-13 -38 -42 10 0
-10 -38 -44 16 0
-16 -38 -44 10 0
-10 -38 -45 19 0
-19 -38 -45 10 0
-4 -39 -21 14 0
-14 -39 -21 4 0
-4 -39 -22 15 0
-15 -39 -22 4 0
-4 -39 -23 16 0
-16 -39 -23 4 0
-4 -39 -25 20 0
-20 -39 -25 4 0
-5 -39 -26 14 0
-14 -39 -26 5 0
-5 -39 -27 15 0
-15 -39 -27 5 0
-5 -39 -28 16 0
-16 -39 -28 5 0
-5 -39 -30 20 0
-20 -39 -30 5 0
-6 -39 -31 14 0
-14 -39 -31 6 0
-6 -39 -32 15 0
-15 -39 -32 6 0
-6 -39 -33 16 0
-16 -39 -33 6 0
-6 -39 -35 20 0
-20 -39 -35 6 0
-10 -39 -41 14 0
-14 -39 -41 10 0
-10 -39 -42 15 0
-15 -39 -42 10 0
-10 -39 -43 16 0
-16 -39 -43 10 0
-10 -39 -45 20 0
-20 -39 -45 10 0
-4 -40 -21 17 0
-17 -40 -21 4 0
-4 -40 -22 18 0
-18 -40 -22 4 0
-4 -40 -23 19 0
-19 -40 -23 4 0
-4 -40 -24 20 0
-20 -40 -24 4 0
-5 -40 -26 17 0
-17 -40 -26 5 0
-5 -40 -27 18 0
-18 -40 -27 5 0
-5 -40 -28 19 0
-19 -40 -28 5 0
-5 -40 -29 20 0
-20 -40 -29 5 0
-6 -40 -31 17 0
-17 -40 -31 6 0
-6 -40 -32 18 0
-18 -40 -32 6 0
-6 -40 -33 19 0
-19 -40 -33 6 0
-6 -40 -34 20 0
-20 -40 -34 6 0
-10 -40 -41 17 0
-17 -40 -41 10 0
-10 -40 -42 18 0
-18 -40 -42 10 0
-10 -40 -43 19 0
-19 -40 -43 10 0
-10 -40 -44 20 0
-20 -40 -44 10 0
-7 -41 -22 11 0
-11 -41 -22 7 0
-7 -41 -23 12 0
-12 -41 -23 7 0
-7 -41 -24 14 0
-14 -41 -24 7 0
-7 -41 -25 17 0
-17 -41 -25 7 0
-8 -41 -27 11 0
-11 -41 -27 8 0
-8 -41 -28 12 0
-12 -41 -28 8 0
-8 -41 -29 14 0
-14 -41 -29 8 0
-8 -41 -30 17 0
-17 -41 -30 8 0
-9 -41 -32 11 0
-11 -41 -32 9 0
-9 -41 -33 12 0
-12 -41 -33 9 0
-9 -41 -34 14 0
-14 -41 -34 9 0
-9 -41 -35 17 0
-17 -41 -35 9 0
-10 -41 -37 11 0
-11 -41 -37 10 0
-10 -41 -38 12 0
-12 -41 -38 10 0
-10 -41 -39 14 0
-14 -41 -39 10 0
-10 -41 -40 17 0
-17 -41 -40 10 0
-7 -42 -21 11 0
-11 -42 -21 7 0
-7 -42 -23 13 0
-13 -42 -23 7 0
-7 -42 -24 15 0
-15 -42 -24 7 0
-7 -42 -25 18 0
-18 -42 -25 7 0
-8 -42 -26 11 0
-11 -42 -26 8 0
-8 -42 -28 13 0
-13 -42 -28 8 0
-8 -42 -29 15 0
-15 -42 -29 8 0
-8 -42 -30 18 0
-18 -42 -30 8 0
-9 -42 -31 11 0
-11 -42 -31 9 0
-9 -42 -33 13 0
-13 -42 -33 9 0
-9 -42 -34 15 0
-15 -42 -34 9 0
-9 -42 -35 18 0
-18 -42 -35 9 0
-10 -42 -36 11 0
-11 -42 -36 10 0
-10 -42 -38 13 0
-13 -42 -38 10 0
-10 -42 -39 15 0
-15 -42 -39 10 0
-10 -42 -40 18 0
-18 -42 -40 10 0
-7 -43 -21 12 0
-12 -43 -21 7 0
-7 -43 -22 13 0
-13 -43 -22 7 0
-7 -43 -24 16 0
-16 -43 -24 7 0
-7 -43 -25 19 0
-19 -43 -25 7 0
-8 -43 -26 12 0
-12 -43 -26 8 0
-8 -43 -27 13 0
-13 -43 -27 8 0
-8 -43 -29 16 0
-16 -43 -29 8 0
-8 -43 -30 19 0
-19 -43 -30 8 0
-9 -43 -31 12 0
-12 -43 -31 9 0
-9 -43 -32 13 0
-13 -43 -32 9 0
-9 -43 -34 16 0
-16 -43 -34 9 0
-9 -43 -35 19 0
-19 -43 -35 9 0
-10 -43 -36 12 0
-12 -43 -36 10 0
-10 -43 -37 13 0
-13 -43 -37 10 0
-10 -43 -39 16 0
-16 -43 -39 10 0
-10 -43 -40 19 0
-19 -43 -40 10 0
-7 -44 -21 14 0
-14 -44 -21 7 0
-7 -44 -22 15 0
-15 -44 -22 7 0
-7 -44 -23 16 0
-16 -44 -23 7 0
-7 -44 -25 20 0
-20 -44 -25 7 0
-8 -44 -26 14 0
-14 -44 -26 8 0
-8 -44 -27 15 0
-15 -44 -27 8 0
-8 -44 -28 16 0
-16 -44 -28 8 0
-8 -44 -30 20 0
-20 -44 -30 8 0
-9 -44 -31 14 0
-14 -44 -31 9 0
-9 -44 -32 15 0
-15 -44 -32 9 0
-9 -44 -33 16 0
-16 -44 -33 9 0
-9 -44 -35 20 0
-20 -44 -35 9 0
-10 -44 -36 14 0
-14 -44 -36 10 0
-10 -44 -37 15 0
-15 -44 -37 10 0
-10 -44 -38 16 0
-16 -44 -38 10 0
-10 -44 -40 20 0
-20 -44 -40 10 0
-7 -45 -21 17 0
-17 -45 -21 7 0
-7 -45 -22 18 0
-18 -45 -22 7 0
-7 -45 -23 19 0
-19 -45 -23 7 0
-7 -45 -24 20 0
-20 -45 -24 7 0
-8 -45 -26 17 0
-17 -45 -26 8 0
-8 -45 -27 18 0
-18 -45 -27 8 0
-8 -45 -28 19 0
-19 -45 -28 8 0
-8 -45 -29 20 0
-20 -45 -29 8 0
-9 -45 -31 17 0
-17 -45 -31 9 0
-9 -45 -32 18 0
-18 -45 -32 9 0
-9 -45 -33 19 0
-19 -45 -33 9 0
-9 -45 -34 20 0
-20 -45 -34 9 0
-10 -45 -36 17 0
-17 -45 -36 10 0
-10 -45 -37 18 0
-18 -45 -37 10 0
-10 -45 -38 19 0
-19 -45 -38 10 0
-10 -45 -39 20 0
-20 -45 -39 10 0
-2 12 -46 0
-2 47 -46 0
12 47 -46 0
-3 13 -47 0
-3 48 -47 0
13 48 -47 0
-4 14 -48 0
-4 49 -48 0
14 49 -48 0
-5 15 -49 0
-5 50 -49 0
15 50 -49 0
-6 16 -50 0
-6 51 -50 0
16 51 -50 0
-7 17 -51 0
-7 52 -51 0
17 52 -51 0
-8 18 -52 0
-8 53 -52 0
18 53 -52 0
-9 19 -53 0
-9 54 -53 0
19 54 -53 0
20 -54 0
-10 -54 0
