p cnf 74 1009
-22 -21 0
-23 -21 0
-24 -21 0
-21 -25 0
-23 -22 0
-24 -22 0
-22 -25 0
-24 -23 0
-23 -25 0
-24 -25 0
21 22 23 24 25 0
-21 -26 0
-31 -21 0
-21 -36 0
-21 -41 0
-31 -26 0
-36 -26 0
-26 -41 0
-31 -36 0
-31 -41 0
-36 -41 0
21 26 31 36 41 0
-27 -26 0
-28 -26 0
-29 -26 0
-30 -26 0
-28 -27 0
-29 -27 0
-30 -27 0
-29 -28 0
-30 -28 0
-30 -29 0
26 27 28 29 30 0
-22 -27 0
-32 -22 0
-22 -37 0
-22 -42 0
-32 -27 0
-37 -27 0
-27 -42 0
-32 -37 0
-32 -42 0
-37 -42 0
22 27 32 37 42 0
-32 -31 0
-31 -33 0
-31 -34 0
-31 -35 0
-32 -33 0
-32 -34 0
-32 -35 0
-34 -33 0
-35 -33 0
-35 -34 0
31 32 33 34 35 0
-23 -28 0
-23 -33 0
-23 -38 0
-23 -43 0
-28 -33 0
-38 -28 0
-28 -43 0
-38 -33 0
-43 -33 0
-38 -43 0
23 28 33 38 43 0
-37 -36 0
-38 -36 0
-39 -36 0
-40 -36 0
-38 -37 0
-39 -37 0
-40 -37 0
-39 -38 0
-40 -38 0
-40 -39 0
36 37 38 39 40 0
-24 -29 0
-24 -34 0
-24 -39 0
-24 -44 0
-29 -34 0
-39 -29 0
-29 -44 0
-39 -34 0
-44 -34 0
-39 -44 0
24 29 34 39 44 0
-42 -41 0
-43 -41 0
-44 -41 0
-45 -41 0
-43 -42 0
-44 -42 0
-45 -42 0
-44 -43 0
-45 -43 0
-45 -44 0
41 42 43 44 45 0
-30 -25 0
-35 -25 0
-40 -25 0
-45 -25 0
-30 -35 0
-40 -30 0
-30 -45 0
-40 -35 0
-45 -35 0
-40 -45 0
25 30 35 40 45 0
-1 -27 -21 11 0
-27 -11 -21 1 0
-1 -28 -21 12 0
-28 -12 -21 1 0
-1 -29 -21 14 0
-29 -21 -14 1 0
-1 -21 -30 17 0
-17 -21 -30 1 0
-1 -26 -22 11 0
-26 -11 -22 1 0
-1 -28 -22 13 0
-28 -13 -22 1 0
-1 -29 -22 15 0
-29 -22 -15 1 0
-1 -22 -30 18 0
-18 -22 -30 1 0
-1 -26 -23 12 0
-26 -12 -23 1 0
-1 -27 -23 13 0
-27 -13 -23 1 0
-1 -29 -23 16 0
-16 -29 -23 1 0
-1 -30 -23 19 0
-19 -30 -23 1 0
-24 -1 -26 14 0
-24 -26 -14 1 0
-24 -1 -27 15 0
-24 -27 -15 1 0
-24 -1 -28 16 0
-16 -24 -28 1 0
-24 -1 -30 20 0
-24 -20 -30 1 0
-1 -26 -25 17 0
-17 -26 -25 1 0
-1 -27 -25 18 0
-25 -18 -27 1 0
-1 -28 -25 19 0
-25 -19 -28 1 0
-1 -29 -25 20 0
-25 -20 -29 1 0
-32 -2 -21 11 0
-32 -11 -21 2 0
-33 -2 -21 12 0
-33 -12 -21 2 0
-2 -34 -21 14 0
-34 -21 -14 2 0
-2 -35 -21 17 0
-17 -35 -21 2 0
-2 -22 -31 11 0
-11 -22 -31 2 0
-33 -2 -22 13 0
-33 -13 -22 2 0
-2 -34 -22 15 0
-34 -22 -15 2 0
-2 -35 -22 18 0
-18 -35 -22 2 0
-2 -31 -23 12 0
-12 -31 -23 2 0
-32 -2 -23 13 0
-32 -13 -23 2 0
-2 -34 -23 16 0
-16 -34 -23 2 0
-2 -35 -23 19 0
-35 -19 -23 2 0
-24 -2 -31 14 0
-24 -14 -31 2 0
-24 -2 -32 15 0
-24 -32 -15 2 0
-24 -33 -2 16 0
-16 -24 -33 2 0
-24 -2 -35 20 0
-24 -35 -20 2 0
-25 -2 -31 17 0
-17 -25 -31 2 0
-32 -25 -2 18 0
-32 -25 -18 2 0
-25 -2 -33 19 0
-25 -19 -33 2 0
-25 -2 -34 20 0
-25 -34 -20 2 0
-37 -4 -21 11 0
-37 -11 -21 4 0
-4 -21 -38 12 0
-12 -21 -38 4 0
-4 -21 -39 14 0
-21 -14 -39 4 0
-40 -4 -21 17 0
-40 -17 -21 4 0
-4 -22 -36 11 0
-11 -36 -22 4 0
-38 -4 -22 13 0
-38 -13 -22 4 0
-4 -22 -39 15 0
-39 -22 -15 4 0
-40 -4 -22 18 0
-40 -18 -22 4 0
-4 -36 -23 12 0
-12 -36 -23 4 0
-4 -37 -23 13 0
-37 -13 -23 4 0
-4 -39 -23 16 0
-16 -39 -23 4 0
-40 -4 -23 19 0
-40 -19 -23 4 0
-24 -4 -36 14 0
-24 -36 -14 4 0
-24 -4 -37 15 0
-24 -37 -15 4 0
-24 -4 -38 16 0
-16 -24 -38 4 0
-24 -40 -4 20 0
-24 -40 -20 4 0
-25 -4 -36 17 0
-17 -36 -25 4 0
-25 -4 -37 18 0
-25 -18 -37 4 0
-25 -4 -38 19 0
-25 -19 -38 4 0
-25 -4 -39 20 0
-25 -20 -39 4 0
-42 -21 -7 11 0
-42 -11 -21 7 0
-43 -21 -7 12 0
-43 -12 -21 7 0
-44 -21 -7 14 0
-44 -21 -14 7 0
-45 -21 -7 17 0
-17 -45 -21 7 0
-41 -22 -7 11 0
-41 -11 -22 7 0
-43 -22 -7 13 0
-43 -13 -22 7 0
-44 -22 -7 15 0
-44 -22 -15 7 0
-45 -22 -7 18 0
-18 -45 -22 7 0
-41 -23 -7 12 0
-41 -12 -23 7 0
-42 -23 -7 13 0
-42 -13 -23 7 0
-23 -44 -7 16 0
-16 -44 -23 7 0
-23 -45 -7 19 0
-19 -45 -23 7 0
-24 -41 -7 14 0
-24 -41 -14 7 0
-24 -42 -7 15 0
-24 -42 -15 7 0
-24 -43 -7 16 0
-16 -24 -43 7 0
-24 -45 -7 20 0
-24 -20 -45 7 0
-25 -41 -7 17 0
-17 -25 -41 7 0
-25 -42 -7 18 0
-25 -18 -42 7 0
-25 -43 -7 19 0
-25 -19 -43 7 0
-25 -44 -7 20 0
-25 -20 -44 7 0
-1 -26 -22 11 0
-26 -11 -22 1 0
-1 -26 -23 12 0
-26 -12 -23 1 0
-24 -1 -26 14 0
-24 -26 -14 1 0
-1 -26 -25 17 0
-17 -26 -25 1 0
-1 -27 -21 11 0
-27 -11 -21 1 0
-1 -27 -23 13 0
-27 -13 -23 1 0
-24 -1 -27 15 0
-24 -27 -15 1 0
-1 -27 -25 18 0
-25 -18 -27 1 0
-1 -28 -21 12 0
-21 -12 -28 1 0
-1 -28 -22 13 0
-28 -13 -22 1 0
-24 -1 -28 16 0
-16 -24 -28 1 0
-1 -28 -25 19 0
-25 -19 -28 1 0
-1 -21 -29 14 0
-21 -29 -14 1 0
-1 -29 -22 15 0
-29 -22 -15 1 0
-1 -29 -23 16 0
-16 -29 -23 1 0
-1 -29 -25 20 0
-25 -20 -29 1 0
-1 -21 -30 17 0
-17 -21 -30 1 0
-1 -30 -22 18 0
-18 -30 -22 1 0
-1 -30 -23 19 0
-19 -30 -23 1 0
-24 -1 -30 20 0
-24 -20 -30 1 0
-32 -26 -3 11 0
-32 -26 -11 3 0
-33 -26 -3 12 0
-33 -26 -12 3 0
-26 -3 -34 14 0
-26 -34 -14 3 0
-35 -26 -3 17 0
-17 -26 -35 3 0
-27 -3 -31 11 0
-27 -11 -31 3 0
-27 -33 -3 13 0
-33 -27 -13 3 0
-27 -34 -3 15 0
-34 -27 -15 3 0
-27 -35 -3 18 0
-35 -18 -27 3 0
-3 -28 -31 12 0
-12 -28 -31 3 0
-32 -3 -28 13 0
-32 -28 -13 3 0
-34 -3 -28 16 0
-16 -34 -28 3 0
-35 -3 -28 19 0
-35 -19 -28 3 0
-3 -29 -31 14 0
-29 -14 -31 3 0
-32 -3 -29 15 0
-32 -29 -15 3 0
-33 -3 -29 16 0
-16 -33 -29 3 0
-35 -3 -29 20 0
-35 -20 -29 3 0
-3 -30 -31 17 0
-17 -30 -31 3 0
-32 -3 -30 18 0
-32 -18 -30 3 0
-33 -3 -30 19 0
-33 -19 -30 3 0
-34 -3 -30 20 0
-34 -20 -30 3 0
-26 -37 -5 11 0
-26 -11 -37 5 0
-26 -5 -38 12 0
-26 -12 -38 5 0
-26 -5 -39 14 0
-26 -14 -39 5 0
-40 -26 -5 17 0
-40 -17 -26 5 0
-27 -36 -5 11 0
-27 -11 -36 5 0
-27 -5 -38 13 0
-27 -13 -38 5 0
-27 -5 -39 15 0
-27 -39 -15 5 0
-40 -27 -5 18 0
-40 -18 -27 5 0
-28 -5 -36 12 0
-12 -28 -36 5 0
-37 -28 -5 13 0
-37 -28 -13 5 0
-28 -5 -39 16 0
-16 -28 -39 5 0
-40 -28 -5 19 0
-40 -19 -28 5 0
-29 -36 -5 14 0
-36 -29 -14 5 0
-29 -37 -5 15 0
-37 -29 -15 5 0
-29 -5 -38 16 0
-16 -29 -38 5 0
-40 -29 -5 20 0
-40 -20 -29 5 0
-36 -5 -30 17 0
-17 -36 -30 5 0
-37 -5 -30 18 0
-18 -37 -30 5 0
-38 -5 -30 19 0
-38 -19 -30 5 0
-5 -30 -39 20 0
-20 -30 -39 5 0
-8 -26 -42 11 0
-26 -11 -42 8 0
-8 -26 -43 12 0
-26 -43 -12 8 0
-8 -26 -44 14 0
-26 -44 -14 8 0
-8 -26 -45 17 0
-17 -26 -45 8 0
-8 -41 -27 11 0
-27 -41 -11 8 0
-8 -43 -27 13 0
-43 -27 -13 8 0
-8 -27 -44 15 0
-27 -44 -15 8 0
-8 -27 -45 18 0
-18 -27 -45 8 0
-8 -41 -28 12 0
-41 -12 -28 8 0
-8 -42 -28 13 0
-42 -28 -13 8 0
-8 -28 -44 16 0
-16 -28 -44 8 0
-8 -28 -45 19 0
-19 -28 -45 8 0
-8 -41 -29 14 0
-41 -29 -14 8 0
-8 -42 -29 15 0
-42 -29 -15 8 0
-8 -43 -29 16 0
-16 -43 -29 8 0
-8 -45 -29 20 0
-45 -20 -29 8 0
-8 -41 -30 17 0
-17 -30 -41 8 0
-8 -42 -30 18 0
-18 -42 -30 8 0
-8 -43 -30 19 0
-43 -19 -30 8 0
-8 -44 -30 20 0
-20 -30 -44 8 0
-2 -22 -31 11 0
-11 -22 -31 2 0
-2 -23 -31 12 0
-12 -23 -31 2 0
-24 -2 -31 14 0
-24 -14 -31 2 0
-25 -2 -31 17 0
-17 -25 -31 2 0
-32 -2 -21 11 0
-32 -11 -21 2 0
-32 -2 -23 13 0
-32 -13 -23 2 0
-32 -24 -2 15 0
-32 -24 -15 2 0
-32 -25 -2 18 0
-32 -25 -18 2 0
-33 -2 -21 12 0
-33 -12 -21 2 0
-33 -2 -22 13 0
-33 -13 -22 2 0
-24 -33 -2 16 0
-16 -33 -24 2 0
-33 -2 -25 19 0
-33 -19 -25 2 0
-2 -34 -21 14 0
-34 -21 -14 2 0
-2 -34 -22 15 0
-34 -22 -15 2 0
-2 -34 -23 16 0
-16 -34 -23 2 0
-25 -2 -34 20 0
-25 -34 -20 2 0
-2 -35 -21 17 0
-17 -35 -21 2 0
-2 -35 -22 18 0
-18 -35 -22 2 0
-2 -35 -23 19 0
-35 -19 -23 2 0
-24 -2 -35 20 0
-24 -35 -20 2 0
-27 -3 -31 11 0
-27 -11 -31 3 0
-3 -28 -31 12 0
-12 -28 -31 3 0
-3 -29 -31 14 0
-29 -14 -31 3 0
-3 -30 -31 17 0
-17 -30 -31 3 0
-32 -26 -3 11 0
-32 -26 -11 3 0
-32 -3 -28 13 0
-32 -28 -13 3 0
-32 -3 -29 15 0
-32 -29 -15 3 0
-32 -3 -30 18 0
-32 -18 -30 3 0
-33 -26 -3 12 0
-33 -26 -12 3 0
-27 -33 -3 13 0
-33 -27 -13 3 0
-33 -3 -29 16 0
-16 -33 -29 3 0
-33 -3 -30 19 0
-33 -19 -30 3 0
-26 -34 -3 14 0
-34 -26 -14 3 0
-27 -34 -3 15 0
-34 -27 -15 3 0
-34 -3 -28 16 0
-16 -34 -28 3 0
-34 -3 -30 20 0
-34 -20 -30 3 0
-35 -26 -3 17 0
-17 -26 -35 3 0
-27 -35 -3 18 0
-27 -18 -35 3 0
-35 -3 -28 19 0
-35 -19 -28 3 0
-35 -3 -29 20 0
-35 -20 -29 3 0
-37 -6 -31 11 0
-11 -37 -31 6 0
-38 -6 -31 12 0
-12 -38 -31 6 0
-39 -6 -31 14 0
-39 -14 -31 6 0
-40 -6 -31 17 0
-40 -17 -31 6 0
-32 -36 -6 11 0
-32 -11 -36 6 0
-32 -38 -6 13 0
-32 -13 -38 6 0
-32 -6 -39 15 0
-32 -39 -15 6 0
-32 -40 -6 18 0
-32 -18 -40 6 0
-33 -36 -6 12 0
-33 -12 -36 6 0
-33 -37 -6 13 0
-33 -37 -13 6 0
-33 -6 -39 16 0
-16 -33 -39 6 0
-40 -33 -6 19 0
-40 -33 -19 6 0
-34 -36 -6 14 0
-34 -36 -14 6 0
-34 -37 -6 15 0
-34 -37 -15 6 0
-38 -34 -6 16 0
-16 -34 -38 6 0
-40 -34 -6 20 0
-40 -34 -20 6 0
-35 -36 -6 17 0
-17 -35 -36 6 0
-35 -37 -6 18 0
-18 -35 -37 6 0
-38 -35 -6 19 0
-35 -19 -38 6 0
-35 -6 -39 20 0
-35 -20 -39 6 0
-9 -42 -31 11 0
-42 -11 -31 9 0
-9 -43 -31 12 0
-43 -12 -31 9 0
-9 -44 -31 14 0
-44 -14 -31 9 0
-9 -45 -31 17 0
-17 -45 -31 9 0
-32 -9 -41 11 0
-32 -41 -11 9 0
-32 -9 -43 13 0
-32 -43 -13 9 0
-32 -9 -44 15 0
-32 -44 -15 9 0
-32 -9 -45 18 0
-32 -18 -45 9 0
-9 -41 -33 12 0
-33 -12 -41 9 0
-9 -42 -33 13 0
-33 -42 -13 9 0
-9 -44 -33 16 0
-16 -33 -44 9 0
-9 -45 -33 19 0
-33 -19 -45 9 0
-9 -34 -41 14 0
-41 -34 -14 9 0
-9 -34 -42 15 0
-34 -42 -15 9 0
-9 -34 -43 16 0
-16 -34 -43 9 0
-9 -34 -45 20 0
-34 -20 -45 9 0
-9 -35 -41 17 0
-17 -35 -41 9 0
-9 -42 -35 18 0
-18 -35 -42 9 0
-9 -35 -43 19 0
-35 -19 -43 9 0
-9 -35 -44 20 0
-35 -20 -44 9 0
-4 -36 -22 11 0
-11 -36 -22 4 0
-4 -36 -23 12 0
-12 -36 -23 4 0
-24 -4 -36 14 0
-24 -36 -14 4 0
-25 -4 -36 17 0
-17 -36 -25 4 0
-21 -4 -37 11 0
-21 -11 -37 4 0
-4 -37 -23 13 0
-37 -13 -23 4 0
-24 -4 -37 15 0
-24 -37 -15 4 0
-25 -4 -37 18 0
-25 -18 -37 4 0
-4 -21 -38 12 0
-12 -21 -38 4 0
-4 -38 -22 13 0
-13 -38 -22 4 0
-24 -4 -38 16 0
-16 -24 -38 4 0
-25 -4 -38 19 0
-25 -19 -38 4 0
-4 -21 -39 14 0
-21 -14 -39 4 0
-4 -22 -39 15 0
-39 -22 -15 4 0
-4 -23 -39 16 0
-16 -23 -39 4 0
-25 -4 -39 20 0
-25 -20 -39 4 0
-40 -4 -21 17 0
-40 -17 -21 4 0
-40 -4 -22 18 0
-40 -18 -22 4 0
-40 -4 -23 19 0
-40 -19 -23 4 0
-40 -24 -4 20 0
-40 -24 -20 4 0
-27 -36 -5 11 0
-27 -11 -36 5 0
-28 -36 -5 12 0
-12 -28 -36 5 0
-29 -36 -5 14 0
-36 -29 -14 5 0
-36 -5 -30 17 0
-17 -36 -30 5 0
-26 -37 -5 11 0
-26 -11 -37 5 0
-37 -28 -5 13 0
-37 -28 -13 5 0
-29 -37 -5 15 0
-29 -37 -15 5 0
-37 -5 -30 18 0
-18 -37 -30 5 0
-26 -5 -38 12 0
-26 -12 -38 5 0
-27 -5 -38 13 0
-27 -13 -38 5 0
-29 -5 -38 16 0
-16 -29 -38 5 0
-5 -38 -30 19 0
-19 -38 -30 5 0
-26 -5 -39 14 0
-26 -14 -39 5 0
-27 -5 -39 15 0
-27 -39 -15 5 0
-28 -5 -39 16 0
-16 -28 -39 5 0
-5 -30 -39 20 0
-20 -30 -39 5 0
-40 -26 -5 17 0
-40 -17 -26 5 0
-40 -27 -5 18 0
-40 -18 -27 5 0
-40 -28 -5 19 0
-40 -19 -28 5 0
-40 -29 -5 20 0
-40 -20 -29 5 0
-32 -36 -6 11 0
-32 -11 -36 6 0
-33 -36 -6 12 0
-33 -12 -36 6 0
-34 -36 -6 14 0
-34 -36 -14 6 0
-35 -36 -6 17 0
-17 -35 -36 6 0
-37 -6 -31 11 0
-11 -37 -31 6 0
-33 -37 -6 13 0
-33 -37 -13 6 0
-34 -37 -6 15 0
-34 -37 -15 6 0
-35 -37 -6 18 0
-18 -35 -37 6 0
-38 -6 -31 12 0
-12 -38 -31 6 0
-38 -32 -6 13 0
-32 -13 -38 6 0
-38 -34 -6 16 0
-16 -34 -38 6 0
-38 -35 -6 19 0
-35 -19 -38 6 0
-31 -6 -39 14 0
-31 -14 -39 6 0
-32 -6 -39 15 0
-32 -39 -15 6 0
-33 -6 -39 16 0
-16 -33 -39 6 0
-35 -6 -39 20 0
-35 -20 -39 6 0
-40 -6 -31 17 0
-40 -17 -31 6 0
-40 -32 -6 18 0
-40 -18 -32 6 0
-40 -33 -6 19 0
-40 -33 -19 6 0
-40 -34 -6 20 0
-40 -34 -20 6 0
-10 -36 -42 11 0
-42 -11 -36 10 0
-10 -43 -36 12 0
-43 -12 -36 10 0
-10 -36 -44 14 0
-36 -14 -44 10 0
-10 -36 -45 17 0
-17 -36 -45 10 0
-41 -10 -37 11 0
-41 -11 -37 10 0
-10 -43 -37 13 0
-43 -37 -13 10 0
-10 -44 -37 15 0
-44 -37 -15 10 0
-10 -45 -37 18 0
-18 -45 -37 10 0
-41 -10 -38 12 0
-41 -12 -38 10 0
-10 -42 -38 13 0
-42 -13 -38 10 0
-10 -44 -38 16 0
-16 -44 -38 10 0
-10 -45 -38 19 0
-19 -45 -38 10 0
-41 -10 -39 14 0
-41 -14 -39 10 0
-10 -42 -39 15 0
-42 -39 -15 10 0
-10 -43 -39 16 0
-16 -43 -39 10 0
-10 -45 -39 20 0
-20 -45 -39 10 0
-40 -41 -10 17 0
-40 -17 -41 10 0
-40 -10 -42 18 0
-40 -18 -42 10 0
-40 -10 -43 19 0
-40 -43 -19 10 0
-40 -10 -44 20 0
-40 -20 -44 10 0
-41 -22 -7 11 0
-41 -11 -22 7 0
-41 -23 -7 12 0
-41 -12 -23 7 0
-24 -41 -7 14 0
-24 -41 -14 7 0
-41 -25 -7 17 0
-17 -25 -41 7 0
-42 -21 -7 11 0
-42 -11 -21 7 0
-42 -23 -7 13 0
-42 -13 -23 7 0
-24 -42 -7 15 0
-24 -42 -15 7 0
-25 -42 -7 18 0
-25 -18 -42 7 0
-43 -21 -7 12 0
-43 -12 -21 7 0
-43 -22 -7 13 0
-43 -13 -22 7 0
-24 -43 -7 16 0
-16 -24 -43 7 0
-25 -43 -7 19 0
-43 -19 -25 7 0
-44 -21 -7 14 0
-44 -21 -14 7 0
-44 -22 -7 15 0
-44 -22 -15 7 0
-44 -23 -7 16 0
-16 -44 -23 7 0
-25 -44 -7 20 0
-25 -20 -44 7 0
-21 -45 -7 17 0
-17 -21 -45 7 0
-45 -22 -7 18 0
-18 -45 -22 7 0
-23 -45 -7 19 0
-19 -45 -23 7 0
-24 -45 -7 20 0
-24 -20 -45 7 0
-8 -41 -27 11 0
-27 -41 -11 8 0
-8 -41 -28 12 0
-41 -12 -28 8 0
-8 -41 -29 14 0
-41 -29 -14 8 0
-8 -41 -30 17 0
-17 -30 -41 8 0
-8 -42 -26 11 0
-26 -42 -11 8 0
-8 -42 -28 13 0
-42 -28 -13 8 0
-8 -42 -29 15 0
-42 -29 -15 8 0
-8 -42 -30 18 0
-18 -42 -30 8 0
-8 -26 -43 12 0
-26 -43 -12 8 0
-8 -27 -43 13 0
-27 -43 -13 8 0
-8 -43 -29 16 0
-16 -43 -29 8 0
-8 -43 -30 19 0
-43 -19 -30 8 0
-8 -26 -44 14 0
-26 -44 -14 8 0
-8 -27 -44 15 0
-27 -44 -15 8 0
-8 -44 -28 16 0
-16 -44 -28 8 0
-8 -44 -30 20 0
-20 -44 -30 8 0
-8 -26 -45 17 0
-17 -26 -45 8 0
-8 -27 -45 18 0
-18 -27 -45 8 0
-8 -28 -45 19 0
-19 -28 -45 8 0
-8 -29 -45 20 0
-29 -20 -45 8 0
-32 -9 -41 11 0
-32 -41 -11 9 0
-9 -33 -41 12 0
-41 -12 -33 9 0
-9 -34 -41 14 0
-41 -34 -14 9 0
-9 -35 -41 17 0
-17 -35 -41 9 0
-9 -42 -31 11 0
-42 -11 -31 9 0
-9 -42 -33 13 0
-33 -42 -13 9 0
-9 -42 -34 15 0
-42 -34 -15 9 0
-9 -42 -35 18 0
-18 -35 -42 9 0
-9 -43 -31 12 0
-43 -12 -31 9 0
-32 -9 -43 13 0
-32 -43 -13 9 0
-9 -34 -43 16 0
-16 -34 -43 9 0
-9 -43 -35 19 0
-43 -19 -35 9 0
-9 -44 -31 14 0
-44 -14 -31 9 0
-32 -9 -44 15 0
-32 -44 -15 9 0
-9 -44 -33 16 0
-16 -33 -44 9 0
-9 -35 -44 20 0
-35 -20 -44 9 0
-9 -45 -31 17 0
-17 -45 -31 9 0
-32 -9 -45 18 0
-32 -18 -45 9 0
-9 -45 -33 19 0
-33 -19 -45 9 0
-9 -34 -45 20 0
-34 -20 -45 9 0
-41 -10 -37 11 0
-41 -11 -37 10 0
-41 -10 -38 12 0
-41 -12 -38 10 0
-41 -10 -39 14 0
-41 -14 -39 10 0
-40 -41 -10 17 0
-40 -17 -41 10 0
-10 -42 -36 11 0
-42 -11 -36 10 0
-10 -42 -38 13 0
-42 -13 -38 10 0
-10 -42 -39 15 0
-42 -39 -15 10 0
-40 -10 -42 18 0
-40 -18 -42 10 0
-10 -43 -36 12 0
-43 -12 -36 10 0
-10 -43 -37 13 0
-37 -43 -13 10 0
-10 -43 -39 16 0
-16 -43 -39 10 0
-40 -10 -43 19 0
-40 -43 -19 10 0
-10 -44 -36 14 0
-44 -14 -36 10 0
-10 -44 -37 15 0
-44 -37 -15 10 0
-10 -44 -38 16 0
-16 -44 -38 10 0
-40 -10 -44 20 0
-40 -20 -44 10 0
-10 -36 -45 17 0
-17 -36 -45 10 0
-10 -37 -45 18 0
-18 -37 -45 10 0
-10 -45 -38 19 0
-19 -45 -38 10 0
-10 -45 -39 20 0
-20 -45 -39 10 0
-12 13 0
-12 46 0
13 46 0
-46 -14 15 0
-46 -14 47 0
-46 47 15 0
-47 18 -17 0
-11 13 0
-11 48 0
48 13 0
-48 16 -14 0
-48 49 -14 0
-48 16 49 0
-49 19 -17 0
-11 12 0
-11 50 0
50 12 0
-50 16 -15 0
-50 -15 51 0
-50 16 51 0
-51 19 -18 0
-11 15 0
-11 52 0
52 15 0
-52 16 -12 0
-52 -12 53 0
-52 16 53 0
-53 20 -17 0
-11 14 0
-11 54 0
54 14 0
-54 16 -13 0
-54 -13 55 0
-54 16 55 0
-55 20 -18 0
-12 14 0
-12 56 0
56 14 0
-56 -13 15 0
-56 57 -13 0
-56 57 15 0
-57 20 -19 0
-11 18 0
-11 58 0
18 58 0
-58 19 -12 0
-58 59 -12 0
-58 59 19 0
-59 -14 20 0
-11 17 0
-11 60 0
17 60 0
-60 19 -13 0
-60 -13 61 0
-60 19 61 0
-61 -15 20 0
-12 17 0
-12 62 0
17 62 0
-62 18 -13 0
-62 -13 63 0
-62 18 63 0
-63 -16 20 0
-14 17 0
-14 64 0
64 17 0
-64 -15 18 0
-64 65 -15 0
-64 65 18 0
-65 -16 19 0
-11 1 0
-11 66 0
1 66 0
-66 2 -12 0
-66 67 -12 0
-66 2 67 0
-67 3 -13 0
-67 -13 68 0
-67 3 68 0
-68 -14 4 0
-68 -14 69 0
-68 4 69 0
-69 -15 5 0
-69 -15 70 0
-69 5 70 0
-70 -16 6 0
-70 -16 71 0
-70 6 71 0
-71 7 -17 0
-71 72 -17 0
-71 72 7 0
-72 8 -18 0
-72 73 -18 0
-72 8 73 0
-73 9 -19 0
-73 74 -19 0
-73 9 74 0
-74 -20 0
-74 10 0
