p cnf 19 88
-6 -7 0
-6 -8 0
-7 -8 0
-5 -9 0
-4 -10 0
-8 -10 0
-3 -11 0
-7 -11 0
-3 -12 0
-4 -12 0
-9 -12 0
-11 -12 0
-2 -13 0
-5 -13 0
-8 -13 0
-9 -13 0
-10 -13 0
-2 -14 0
-4 -14 0
-6 -14 0
-12 -14 0
-2 -15 0
-3 -15 0
-13 -15 0
-1 -16 0
-5 -16 0
-6 -16 0
-14 -16 0
-1 -17 0
-4 -17 0
-10 -17 0
-1 -18 0
-3 -18 0
-15 -18 0
-16 -18 0
-1 -19 0
-2 -19 0
-7 -19 0
-11 -19 0
-17 -19 0
1 16 18 0
-1 -16 0
-16 -18 0
-1 -18 0
1 17 19 0
-1 -17 0
-17 -19 0
-1 -19 0
2 13 15 0
-2 -13 0
-13 -15 0
-2 -15 0
3 11 12 0
-3 -11 0
-11 -12 0
-3 -12 0
3 15 18 0
-3 -15 0
-15 -18 0
-3 -18 0
4 10 17 0
-4 -10 0
-10 -17 0
-4 -17 0
4 12 14 0
-4 -12 0
-12 -14 0
-4 -14 0
5 9 13 0
-5 -9 0
-9 -13 0
-5 -13 0
6 7 8 0
-6 -7 0
-7 -8 0
-6 -8 0
6 14 16 0
-6 -14 0
-14 -16 0
-6 -16 0
7 11 19 0
-7 -11 0
-11 -19 0
-7 -19 0
8 10 13 0
-8 -10 0
-10 -13 0
-8 -13 0
