p cnf 21 94
-6 -7 0
-6 -8 0
-7 -8 0
-5 -9 0
-5 -10 0
-8 -10 0
-9 -10 0
-4 -11 0
-3 -12 0
-9 -12 0
-11 -12 0
-3 -13 0
-4 -13 0
-7 -13 0
-2 -14 0
-7 -14 0
-9 -14 0
-13 -14 0
-2 -15 0
-5 -15 0
-6 -15 0
-2 -16 0
-4 -16 0
-8 -16 0
-10 -16 0
-11 -16 0
-2 -17 0
-3 -17 0
-12 -17 0
-15 -17 0
-1 -18 0
-6 -18 0
-11 -18 0
-15 -18 0
-1 -19 0
-4 -19 0
-5 -19 0
-1 -20 0
-3 -20 0
-10 -20 0
-13 -20 0
-18 -20 0
-1 -21 0
-2 -21 0
-14 -21 0
-19 -21 0
1 18 20 0
-1 -18 0
-18 -20 0
-1 -20 0
1 19 21 0
-1 -19 0
-19 -21 0
-1 -21 0
2 14 21 0
-2 -14 0
-14 -21 0
-2 -21 0
2 15 17 0
-2 -15 0
-15 -17 0
-2 -17 0
3 12 17 0
-3 -12 0
-12 -17 0
-3 -17 0
3 13 20 0
-3 -13 0
-13 -20 0
-3 -20 0
4 11 16 0
-4 -11 0
-11 -16 0
-4 -16 0
5 9 10 0
-5 -9 0
-9 -10 0
-5 -10 0
6 7 8 0
-6 -7 0
-7 -8 0
-6 -8 0
6 15 18 0
-6 -15 0
-15 -18 0
-6 -18 0
7 13 14 0
-7 -13 0
-13 -14 0
-7 -14 0
8 10 16 0
-8 -10 0
-10 -16 0
-8 -16 0
