p cnf 20 90
-7 -8 0
-6 -9 0
-8 -9 0
-5 -10 0
-8 -10 0
-9 -10 0
-5 -11 0
-6 -11 0
-7 -11 0
-4 -12 0
-7 -12 0
-3 -13 0
-7 -13 0
-8 -13 0
-3 -14 0
-4 -14 0
-6 -14 0
-2 -15 0
-6 -15 0
-11 -15 0
-2 -16 0
-3 -16 0
-5 -16 0
-10 -16 0
-14 -16 0
-1 -17 0
-6 -17 0
-9 -17 0
-1 -18 0
-5 -18 0
-11 -18 0
-1 -19 0
-4 -19 0
-8 -19 0
-14 -19 0
-18 -19 0
-1 -20 0
-2 -20 0
-7 -20 0
-12 -20 0
-16 -20 0
-17 -20 0
1 17 20 0
-1 -17 0
-17 -20 0
-1 -20 0
1 18 19 0
-1 -18 0
-18 -19 0
-1 -19 0
2 16 20 0
-2 -16 0
-16 -20 0
-2 -20 0
3 14 16 0
-3 -14 0
-14 -16 0
-3 -16 0
4 14 19 0
-4 -14 0
-14 -19 0
-4 -19 0
5 10 16 0
-5 -10 0
-10 -16 0
-5 -16 0
5 11 18 0
-5 -11 0
-11 -18 0
-5 -18 0
6 9 17 0
-6 -9 0
-9 -17 0
-6 -17 0
6 11 15 0
-6 -11 0
-11 -15 0
-6 -15 0
7 8 13 0
-7 -8 0
-8 -13 0
-7 -13 0
7 12 20 0
-7 -12 0
-12 -20 0
-7 -20 0
8 9 10 0
-8 -9 0
-9 -10 0
-8 -10 0
