p cnf 22 96
-8 -9 0
-7 -10 0
-6 -11 0
-5 -12 0
-10 -12 0
-11 -12 0
-4 -13 0
-9 -13 0
-11 -13 0
-4 -14 0
-5 -14 0
-8 -14 0
-12 -14 0
-3 -15 0
-9 -15 0
-10 -15 0
-12 -15 0
-2 -16 0
-6 -16 0
-9 -16 0
-15 -16 0
-2 -17 0
-4 -17 0
-7 -17 0
-14 -17 0
-2 -18 0
-3 -18 0
-11 -18 0
-13 -18 0
-1 -19 0
-6 -19 0
-7 -19 0
-11 -19 0
-17 -19 0
-1 -20 0
-4 -20 0
-10 -20 0
-13 -20 0
-1 -21 0
-3 -21 0
-8 -21 0
-14 -21 0
-18 -21 0
-1 -22 0
-2 -22 0
-5 -22 0
-16 -22 0
-20 -22 0
1 20 22 0
-1 -20 0
-20 -22 0
-1 -22 0
2 16 22 0
-2 -16 0
-16 -22 0
-2 -22 0
3 18 21 0
-3 -18 0
-18 -21 0
-3 -21 0
4 13 20 0
-4 -13 0
-13 -20 0
-4 -20 0
4 14 17 0
-4 -14 0
-14 -17 0
-4 -17 0
5 12 14 0
-5 -12 0
-12 -14 0
-5 -14 0
6 11 19 0
-6 -11 0
-11 -19 0
-6 -19 0
7 17 19 0
-7 -17 0
-17 -19 0
-7 -19 0
8 14 21 0
-8 -14 0
-14 -21 0
-8 -21 0
9 15 16 0
-9 -15 0
-15 -16 0
-9 -16 0
10 12 15 0
-10 -12 0
-12 -15 0
-10 -15 0
11 13 18 0
-11 -13 0
-13 -18 0
-11 -18 0
