p cnf 480 1620
-1 -4 -3 -6 0
-2 -4 -3 -5 0
-1 -2 -5 -6 0
-1 -7 -3 -9 0
-2 -7 -3 -8 0
-1 -2 -8 -9 0
-1 -11 -3 -13 0
-2 -11 -3 -12 0
-1 -2 -12 -13 0
-1 -16 -3 -18 0
-2 -16 -3 -17 0
-1 -2 -17 -18 0
-1 -22 -3 -24 0
-2 -22 -3 -23 0
-1 -2 -23 -24 0
-1 -29 -3 -31 0
-2 -29 -3 -30 0
-1 -2 -30 -31 0
-1 -37 -3 -39 0
-2 -37 -3 -38 0
-1 -2 -38 -39 0
-1 -7 -5 -10 0
-4 -7 -5 -8 0
-1 -4 -8 -10 0
-1 -11 -5 -14 0
-4 -11 -5 -12 0
-1 -4 -12 -14 0
-1 -16 -5 -19 0
-4 -16 -5 -17 0
-1 -4 -17 -19 0
-1 -22 -5 -25 0
-4 -22 -5 -23 0
-1 -4 -23 -25 0
-1 -29 -5 -32 0
-4 -29 -5 -30 0
-1 -4 -30 -32 0
-1 -37 -5 -40 0
-4 -37 -5 -38 0
-1 -4 -38 -40 0
-1 -11 -8 -15 0
-7 -11 -8 -12 0
-1 -7 -12 -15 0
-1 -16 -8 -20 0
-7 -16 -8 -17 0
-1 -7 -17 -20 0
-1 -22 -8 -26 0
-7 -22 -8 -23 0
-1 -7 -23 -26 0
-1 -29 -8 -33 0
-7 -29 -8 -30 0
-1 -7 -30 -33 0
-1 -37 -8 -41 0
-7 -37 -8 -38 0
-1 -7 -38 -41 0
-1 -16 -12 -21 0
-11 -16 -12 -17 0
-1 -11 -17 -21 0
-1 -22 -12 -27 0
-11 -22 -12 -23 0
-1 -11 -23 -27 0
-1 -29 -12 -34 0
-11 -29 -12 -30 0
-1 -11 -30 -34 0
-1 -37 -12 -42 0
-11 -37 -12 -38 0
-1 -11 -38 -42 0
-1 -22 -17 -28 0
-16 -22 -17 -23 0
-1 -16 -23 -28 0
-1 -29 -17 -35 0
-16 -29 -17 -30 0
-1 -16 -30 -35 0
-1 -37 -17 -43 0
-16 -37 -17 -38 0
-1 -16 -38 -43 0
-1 -29 -23 -36 0
-22 -29 -23 -30 0
-1 -22 -30 -36 0
-1 -37 -23 -44 0
-22 -37 -23 -38 0
-1 -22 -38 -44 0
-1 -37 -30 -45 0
-29 -37 -30 -38 0
-1 -29 -38 -45 0
-2 -7 -6 -10 0
-4 -7 -6 -9 0
-2 -4 -9 -10 0
-2 -11 -6 -14 0
-4 -11 -6 -13 0
-2 -4 -13 -14 0
-2 -16 -6 -19 0
-4 -16 -6 -18 0
-2 -4 -18 -19 0
-2 -22 -6 -25 0
-4 -22 -6 -24 0
-2 -4 -24 -25 0
-2 -29 -6 -32 0
-4 -29 -6 -31 0
-2 -4 -31 -32 0
-2 -37 -6 -40 0
-4 -37 -6 -39 0
-2 -4 -39 -40 0
-2 -11 -9 -15 0
-7 -11 -9 -13 0
-2 -7 -13 -15 0
-2 -16 -9 -20 0
-7 -16 -9 -18 0
-2 -7 -18 -20 0
-2 -22 -9 -26 0
-7 -22 -9 -24 0
-2 -7 -24 -26 0
-2 -29 -9 -33 0
-7 -29 -9 -31 0
-2 -7 -31 -33 0
-2 -37 -9 -41 0
-7 -37 -9 -39 0
-2 -7 -39 -41 0
-2 -16 -13 -21 0
-11 -16 -13 -18 0
-2 -11 -18 -21 0
-2 -22 -13 -27 0
-11 -22 -13 -24 0
-2 -11 -24 -27 0
-2 -29 -13 -34 0
-11 -29 -13 -31 0
-2 -11 -31 -34 0
-2 -37 -13 -42 0
-11 -37 -13 -39 0
-2 -11 -39 -42 0
-2 -22 -18 -28 0
-16 -22 -18 -24 0
-2 -16 -24 -28 0
-2 -29 -18 -35 0
-16 -29 -18 -31 0
-2 -16 -31 -35 0
-2 -37 -18 -43 0
-16 -37 -18 -39 0
-2 -16 -39 -43 0
-2 -29 -24 -36 0
-22 -29 -24 -31 0
-2 -22 -31 -36 0
-2 -37 -24 -44 0
-22 -37 -24 -39 0
-2 -22 -39 -44 0
-2 -37 -31 -45 0
-29 -37 -31 -39 0
-2 -29 -39 -45 0
-4 -11 -10 -15 0
-7 -11 -10 -14 0
-4 -7 -14 -15 0
-4 -16 -10 -20 0
-7 -16 -10 -19 0
-4 -7 -19 -20 0
-4 -22 -10 -26 0
-7 -22 -10 -25 0
-4 -7 -25 -26 0
-4 -29 -10 -33 0
-7 -29 -10 -32 0
-4 -7 -32 -33 0
-4 -37 -10 -41 0
-7 -37 -10 -40 0
-4 -7 -40 -41 0
-4 -16 -14 -21 0
-11 -16 -14 -19 0
-4 -11 -19 -21 0
-4 -22 -14 -27 0
-11 -22 -14 -25 0
-4 -11 -25 -27 0
-4 -29 -14 -34 0
-11 -29 -14 -32 0
-4 -11 -32 -34 0
-4 -37 -14 -42 0
-11 -37 -14 -40 0
-4 -11 -40 -42 0
-4 -22 -19 -28 0
-16 -22 -19 -25 0
-4 -16 -25 -28 0
-4 -29 -19 -35 0
-16 -29 -19 -32 0
-4 -16 -32 -35 0
-4 -37 -19 -43 0
-16 -37 -19 -40 0
-4 -16 -40 -43 0
-4 -29 -25 -36 0
-22 -29 -25 -32 0
-4 -22 -32 -36 0
-4 -37 -25 -44 0
-22 -37 -25 -40 0
-4 -22 -40 -44 0
-4 -37 -32 -45 0
-29 -37 -32 -40 0
-4 -29 -40 -45 0
-7 -16 -15 -21 0
-11 -16 -15 -20 0
-7 -11 -20 -21 0
-7 -22 -15 -27 0
-11 -22 -15 -26 0
-7 -11 -26 -27 0
-7 -29 -15 -34 0
-11 -29 -15 -33 0
-7 -11 -33 -34 0
-7 -37 -15 -42 0
-11 -37 -15 -41 0
-7 -11 -41 -42 0
-7 -22 -20 -28 0
-16 -22 -20 -26 0
-7 -16 -26 -28 0
-7 -29 -20 -35 0
-16 -29 -20 -33 0
-7 -16 -33 -35 0
-7 -37 -20 -43 0
-16 -37 -20 -41 0
-7 -16 -41 -43 0
-7 -29 -26 -36 0
-22 -29 -26 -33 0
-7 -22 -33 -36 0
-7 -37 -26 -44 0
-22 -37 -26 -41 0
-7 -22 -41 -44 0
-7 -37 -33 -45 0
-29 -37 -33 -41 0
-7 -29 -41 -45 0
-11 -22 -21 -28 0
-16 -22 -21 -27 0
-11 -16 -27 -28 0
-11 -29 -21 -35 0
-16 -29 -21 -34 0
-11 -16 -34 -35 0
-11 -37 -21 -43 0
-16 -37 -21 -42 0
-11 -16 -42 -43 0
-11 -29 -27 -36 0
-22 -29 -27 -34 0
-11 -22 -34 -36 0
-11 -37 -27 -44 0
-22 -37 -27 -42 0
-11 -22 -42 -44 0
-11 -37 -34 -45 0
-29 -37 -34 -42 0
-11 -29 -42 -45 0
-16 -29 -28 -36 0
-22 -29 -28 -35 0
-16 -22 -35 -36 0
-16 -37 -28 -44 0
-22 -37 -28 -43 0
-16 -22 -43 -44 0
-16 -37 -35 -45 0
-29 -37 -35 -43 0
-16 -29 -43 -45 0
-22 -37 -36 -45 0
-29 -37 -36 -44 0
-22 -29 -44 -45 0
-3 -8 -6 -10 0
-5 -8 -6 -9 0
-3 -5 -9 -10 0
-3 -12 -6 -14 0
-5 -12 -6 -13 0
-3 -5 -13 -14 0
-3 -17 -6 -19 0
-5 -17 -6 -18 0
-3 -5 -18 -19 0
-3 -23 -6 -25 0
-5 -23 -6 -24 0
-3 -5 -24 -25 0
-3 -30 -6 -32 0
-5 -30 -6 -31 0
-3 -5 -31 -32 0
-3 -38 -6 -40 0
-5 -38 -6 -39 0
-3 -5 -39 -40 0
-3 -12 -9 -15 0
-8 -12 -9 -13 0
-3 -8 -13 -15 0
-3 -17 -9 -20 0
-8 -17 -9 -18 0
-3 -8 -18 -20 0
-3 -23 -9 -26 0
-8 -23 -9 -24 0
-3 -8 -24 -26 0
-3 -30 -9 -33 0
-8 -30 -9 -31 0
-3 -8 -31 -33 0
-3 -38 -9 -41 0
-8 -38 -9 -39 0
-3 -8 -39 -41 0
-3 -17 -13 -21 0
-12 -17 -13 -18 0
-3 -12 -18 -21 0
-3 -23 -13 -27 0
-12 -23 -13 -24 0
-3 -12 -24 -27 0
-3 -30 -13 -34 0
-12 -30 -13 -31 0
-3 -12 -31 -34 0
-3 -38 -13 -42 0
-12 -38 -13 -39 0
-3 -12 -39 -42 0
-3 -23 -18 -28 0
-17 -23 -18 -24 0
-3 -17 -24 -28 0
-3 -30 -18 -35 0
-17 -30 -18 -31 0
-3 -17 -31 -35 0
-3 -38 -18 -43 0
-17 -38 -18 -39 0
-3 -17 -39 -43 0
-3 -30 -24 -36 0
-23 -30 -24 -31 0
-3 -23 -31 -36 0
-3 -38 -24 -44 0
-23 -38 -24 -39 0
-3 -23 -39 -44 0
-3 -38 -31 -45 0
-30 -38 -31 -39 0
-3 -30 -39 -45 0
-5 -12 -10 -15 0
-8 -12 -10 -14 0
-5 -8 -14 -15 0
-5 -17 -10 -20 0
-8 -17 -10 -19 0
-5 -8 -19 -20 0
-5 -23 -10 -26 0
-8 -23 -10 -25 0
-5 -8 -25 -26 0
-5 -30 -10 -33 0
-8 -30 -10 -32 0
-5 -8 -32 -33 0
-5 -38 -10 -41 0
-8 -38 -10 -40 0
-5 -8 -40 -41 0
-5 -17 -14 -21 0
-12 -17 -14 -19 0
-5 -12 -19 -21 0
-5 -23 -14 -27 0
-12 -23 -14 -25 0
-5 -12 -25 -27 0
-5 -30 -14 -34 0
-12 -30 -14 -32 0
-5 -12 -32 -34 0
-5 -38 -14 -42 0
-12 -38 -14 -40 0
-5 -12 -40 -42 0
-5 -23 -19 -28 0
-17 -23 -19 -25 0
-5 -17 -25 -28 0
-5 -30 -19 -35 0
-17 -30 -19 -32 0
-5 -17 -32 -35 0
-5 -38 -19 -43 0
-17 -38 -19 -40 0
-5 -17 -40 -43 0
-5 -30 -25 -36 0
-23 -30 -25 -32 0
-5 -23 -32 -36 0
-5 -38 -25 -44 0
-23 -38 -25 -40 0
-5 -23 -40 -44 0
-5 -38 -32 -45 0
-30 -38 -32 -40 0
-5 -30 -40 -45 0
-8 -17 -15 -21 0
-12 -17 -15 -20 0
-8 -12 -20 -21 0
-8 -23 -15 -27 0
-12 -23 -15 -26 0
-8 -12 -26 -27 0
-8 -30 -15 -34 0
-12 -30 -15 -33 0
-8 -12 -33 -34 0
-8 -38 -15 -42 0
-12 -38 -15 -41 0
-8 -12 -41 -42 0
-8 -23 -20 -28 0
-17 -23 -20 -26 0
-8 -17 -26 -28 0
-8 -30 -20 -35 0
-17 -30 -20 -33 0
-8 -17 -33 -35 0
-8 -38 -20 -43 0
-17 -38 -20 -41 0
-8 -17 -41 -43 0
-8 -30 -26 -36 0
-23 -30 -26 -33 0
-8 -23 -33 -36 0
-8 -38 -26 -44 0
-23 -38 -26 -41 0
-8 -23 -41 -44 0
-8 -38 -33 -45 0
-30 -38 -33 -41 0
-8 -30 -41 -45 0
-12 -23 -21 -28 0
-17 -23 -21 -27 0
-12 -17 -27 -28 0
-12 -30 -21 -35 0
-17 -30 -21 -34 0
-12 -17 -34 -35 0
-12 -38 -21 -43 0
-17 -38 -21 -42 0
-12 -17 -42 -43 0
-12 -30 -27 -36 0
-23 -30 -27 -34 0
-12 -23 -34 -36 0
-12 -38 -27 -44 0
-23 -38 -27 -42 0
-12 -23 -42 -44 0
-12 -38 -34 -45 0
-30 -38 -34 -42 0
-12 -30 -42 -45 0
-17 -30 -28 -36 0
-23 -30 -28 -35 0
-17 -23 -35 -36 0
-17 -38 -28 -44 0
-23 -38 -28 -43 0
-17 -23 -43 -44 0
-17 -38 -35 -45 0
-30 -38 -35 -43 0
-17 -30 -43 -45 0
-23 -38 -36 -45 0
-30 -38 -36 -44 0
-23 -30 -44 -45 0
-6 -13 -10 -15 0
-9 -13 -10 -14 0
-6 -9 -14 -15 0
-6 -18 -10 -20 0
-9 -18 -10 -19 0
-6 -9 -19 -20 0
-6 -24 -10 -26 0
-9 -24 -10 -25 0
-6 -9 -25 -26 0
-6 -31 -10 -33 0
-9 -31 -10 -32 0
-6 -9 -32 -33 0
-6 -39 -10 -41 0
-9 -39 -10 -40 0
-6 -9 -40 -41 0
-6 -18 -14 -21 0
-13 -18 -14 -19 0
-6 -13 -19 -21 0
-6 -24 -14 -27 0
-13 -24 -14 -25 0
-6 -13 -25 -27 0
-6 -31 -14 -34 0
-13 -31 -14 -32 0
-6 -13 -32 -34 0
-6 -39 -14 -42 0
-13 -39 -14 -40 0
-6 -13 -40 -42 0
-6 -24 -19 -28 0
-18 -24 -19 -25 0
-6 -18 -25 -28 0
-6 -31 -19 -35 0
-18 -31 -19 -32 0
-6 -18 -32 -35 0
-6 -39 -19 -43 0
-18 -39 -19 -40 0
-6 -18 -40 -43 0
-6 -31 -25 -36 0
-24 -31 -25 -32 0
-6 -24 -32 -36 0
-6 -39 -25 -44 0
-24 -39 -25 -40 0
-6 -24 -40 -44 0
-6 -39 -32 -45 0
-31 -39 -32 -40 0
-6 -31 -40 -45 0
-9 -18 -15 -21 0
-13 -18 -15 -20 0
-9 -13 -20 -21 0
-9 -24 -15 -27 0
-13 -24 -15 -26 0
-9 -13 -26 -27 0
-9 -31 -15 -34 0
-13 -31 -15 -33 0
-9 -13 -33 -34 0
-9 -39 -15 -42 0
-13 -39 -15 -41 0
-9 -13 -41 -42 0
-9 -24 -20 -28 0
-18 -24 -20 -26 0
-9 -18 -26 -28 0
-9 -31 -20 -35 0
-18 -31 -20 -33 0
-9 -18 -33 -35 0
-9 -39 -20 -43 0
-18 -39 -20 -41 0
-9 -18 -41 -43 0
-9 -31 -26 -36 0
-24 -31 -26 -33 0
-9 -24 -33 -36 0
-9 -39 -26 -44 0
-24 -39 -26 -41 0
-9 -24 -41 -44 0
-9 -39 -33 -45 0
-31 -39 -33 -41 0
-9 -31 -41 -45 0
-13 -24 -21 -28 0
-18 -24 -21 -27 0
-13 -18 -27 -28 0
-13 -31 -21 -35 0
-18 -31 -21 -34 0
-13 -18 -34 -35 0
-13 -39 -21 -43 0
-18 -39 -21 -42 0
-13 -18 -42 -43 0
-13 -31 -27 -36 0
-24 -31 -27 -34 0
-13 -24 -34 -36 0
-13 -39 -27 -44 0
-24 -39 -27 -42 0
-13 -24 -42 -44 0
-13 -39 -34 -45 0
-31 -39 -34 -42 0
-13 -31 -42 -45 0
-18 -31 -28 -36 0
-24 -31 -28 -35 0
-18 -24 -35 -36 0
-18 -39 -28 -44 0
-24 -39 -28 -43 0
-18 -24 -43 -44 0
-18 -39 -35 -45 0
-31 -39 -35 -43 0
-18 -31 -43 -45 0
-24 -39 -36 -45 0
-31 -39 -36 -44 0
-24 -31 -44 -45 0
-10 -19 -15 -21 0
-14 -19 -15 -20 0
-10 -14 -20 -21 0
-10 -25 -15 -27 0
-14 -25 -15 -26 0
-10 -14 -26 -27 0
-10 -32 -15 -34 0
-14 -32 -15 -33 0
-10 -14 -33 -34 0
-10 -40 -15 -42 0
-14 -40 -15 -41 0
-10 -14 -41 -42 0
-10 -25 -20 -28 0
-19 -25 -20 -26 0
-10 -19 -26 -28 0
-10 -32 -20 -35 0
-19 -32 -20 -33 0
-10 -19 -33 -35 0
-10 -40 -20 -43 0
-19 -40 -20 -41 0
-10 -19 -41 -43 0
-10 -32 -26 -36 0
-25 -32 -26 -33 0
-10 -25 -33 -36 0
-10 -40 -26 -44 0
-25 -40 -26 -41 0
-10 -25 -41 -44 0
-10 -40 -33 -45 0
-32 -40 -33 -41 0
-10 -32 -41 -45 0
-14 -25 -21 -28 0
-19 -25 -21 -27 0
-14 -19 -27 -28 0
-14 -32 -21 -35 0
-19 -32 -21 -34 0
-14 -19 -34 -35 0
-14 -40 -21 -43 0
-19 -40 -21 -42 0
-14 -19 -42 -43 0
-14 -32 -27 -36 0
-25 -32 -27 -34 0
-14 -25 -34 -36 0
-14 -40 -27 -44 0
-25 -40 -27 -42 0
-14 -25 -42 -44 0
-14 -40 -34 -45 0
-32 -40 -34 -42 0
-14 -32 -42 -45 0
-19 -32 -28 -36 0
-25 -32 -28 -35 0
-19 -25 -35 -36 0
-19 -40 -28 -44 0
-25 -40 -28 -43 0
-19 -25 -43 -44 0
-19 -40 -35 -45 0
-32 -40 -35 -43 0
-19 -32 -43 -45 0
-25 -40 -36 -45 0
-32 -40 -36 -44 0
-25 -32 -44 -45 0
-15 -26 -21 -28 0
-20 -26 -21 -27 0
-15 -20 -27 -28 0
-15 -33 -21 -35 0
-20 -33 -21 -34 0
-15 -20 -34 -35 0
-15 -41 -21 -43 0
-20 -41 -21 -42 0
-15 -20 -42 -43 0
-15 -33 -27 -36 0
-26 -33 -27 -34 0
-15 -26 -34 -36 0
-15 -41 -27 -44 0
-26 -41 -27 -42 0
-15 -26 -42 -44 0
-15 -41 -34 -45 0
-33 -41 -34 -42 0
-15 -33 -42 -45 0
-20 -33 -28 -36 0
-26 -33 -28 -35 0
-20 -26 -35 -36 0
-20 -41 -28 -44 0
-26 -41 -28 -43 0
-20 -26 -43 -44 0
-20 -41 -35 -45 0
-33 -41 -35 -43 0
-20 -33 -43 -45 0
-26 -41 -36 -45 0
-33 -41 -36 -44 0
-26 -33 -44 -45 0
-21 -34 -28 -36 0
-27 -34 -28 -35 0
-21 -27 -35 -36 0
-21 -42 -28 -44 0
-27 -42 -28 -43 0
-21 -27 -43 -44 0
-21 -42 -35 -45 0
-34 -42 -35 -43 0
-21 -34 -43 -45 0
-27 -42 -36 -45 0
-34 -42 -36 -44 0
-27 -34 -44 -45 0
-28 -43 -36 -45 0
-35 -43 -36 -44 0
-28 -35 -44 -45 0
-2 3 0
-2 166 0
3 166 0
-166 -4 5 0
-166 -4 167 0
-166 5 167 0
-167 8 -7 0
-167 168 -7 0
-167 8 168 0
-168 12 -11 0
-168 169 -11 0
-168 169 12 0
-169 -16 17 0
-169 -16 170 0
-169 17 170 0
-170 -22 23 0
-170 -22 171 0
-170 171 23 0
-171 -29 30 0
-171 -29 172 0
-171 172 30 0
-172 -37 38 0
-1 3 0
-1 173 0
3 173 0
-173 -4 6 0
-173 -4 174 0
-173 174 6 0
-174 -7 9 0
-174 -7 175 0
-174 9 175 0
-175 13 -11 0
-175 176 -11 0
-175 176 13 0
-176 -16 18 0
-176 -16 177 0
-176 177 18 0
-177 24 -22 0
-177 178 -22 0
-177 24 178 0
-178 -29 31 0
-178 -29 179 0
-178 179 31 0
-179 -37 39 0
-1 2 0
-1 180 0
2 180 0
-180 -5 6 0
-180 -5 181 0
-180 181 6 0
-181 -8 9 0
-181 -8 182 0
-181 9 182 0
-182 -12 13 0
-182 -12 183 0
-182 13 183 0
-183 18 -17 0
-183 184 -17 0
-183 184 18 0
-184 24 -23 0
-184 -23 185 0
-184 24 185 0
-185 -30 31 0
-185 186 -30 0
-185 186 31 0
-186 -38 39 0
-1 5 0
-1 187 0
187 5 0
-187 -2 6 0
-187 188 -2 0
-187 188 6 0
-188 -7 10 0
-188 -7 189 0
-188 10 189 0
-189 -11 14 0
-189 -11 190 0
-189 190 14 0
-190 -16 19 0
-190 -16 191 0
-190 19 191 0
-191 25 -22 0
-191 192 -22 0
-191 192 25 0
-192 32 -29 0
-192 193 -29 0
-192 32 193 0
-193 40 -37 0
-1 4 0
-1 194 0
194 4 0
-194 -3 6 0
-194 195 -3 0
-194 195 6 0
-195 -8 10 0
-195 -8 196 0
-195 10 196 0
-196 -12 14 0
-196 -12 197 0
-196 197 14 0
-197 19 -17 0
-197 198 -17 0
-197 19 198 0
-198 -23 25 0
-198 -23 199 0
-198 25 199 0
-199 32 -30 0
-199 200 -30 0
-199 32 200 0
-200 40 -38 0
-2 4 0
-2 201 0
201 4 0
-201 5 -3 0
-201 202 -3 0
-201 202 5 0
-202 10 -9 0
-202 203 -9 0
-202 10 203 0
-203 -13 14 0
-203 -13 204 0
-203 204 14 0
-204 19 -18 0
-204 205 -18 0
-204 19 205 0
-205 -24 25 0
-205 -24 206 0
-205 25 206 0
-206 32 -31 0
-206 -31 207 0
-206 32 207 0
-207 40 -39 0
-1 8 0
-1 208 0
8 208 0
-208 9 -2 0
-208 209 -2 0
-208 9 209 0
-209 10 -4 0
-209 210 -4 0
-209 210 10 0
-210 -11 15 0
-210 211 -11 0
-210 211 15 0
-211 -16 20 0
-211 -16 212 0
-211 212 20 0
-212 -22 26 0
-212 -22 213 0
-212 26 213 0
-213 33 -29 0
-213 -29 214 0
-213 33 214 0
-214 41 -37 0
-1 7 0
-1 215 0
215 7 0
-215 9 -3 0
-215 216 -3 0
-215 216 9 0
-216 10 -5 0
-216 217 -5 0
-216 217 10 0
-217 -12 15 0
-217 218 -12 0
-217 218 15 0
-218 20 -17 0
-218 219 -17 0
-218 219 20 0
-219 -23 26 0
-219 -23 220 0
-219 26 220 0
-220 33 -30 0
-220 -30 221 0
-220 33 221 0
-221 41 -38 0
-2 7 0
-2 222 0
222 7 0
-222 8 -3 0
-222 -3 223 0
-222 8 223 0
-223 -6 10 0
-223 224 -6 0
-223 224 10 0
-224 -13 15 0
-224 225 -13 0
-224 225 15 0
-225 20 -18 0
-225 226 -18 0
-225 226 20 0
-226 -24 26 0
-226 -24 227 0
-226 26 227 0
-227 -31 33 0
-227 -31 228 0
-227 33 228 0
-228 -39 41 0
-4 7 0
-4 229 0
229 7 0
-229 8 -5 0
-229 -5 230 0
-229 8 230 0
-230 9 -6 0
-230 -6 231 0
-230 9 231 0
-231 -14 15 0
-231 232 -14 0
-231 232 15 0
-232 20 -19 0
-232 233 -19 0
-232 233 20 0
-233 26 -25 0
-233 234 -25 0
-233 26 234 0
-234 -32 33 0
-234 -32 235 0
-234 33 235 0
-235 -40 41 0
-1 12 0
-1 236 0
12 236 0
-236 13 -2 0
-236 237 -2 0
-236 237 13 0
-237 -4 14 0
-237 -4 238 0
-237 14 238 0
-238 -7 15 0
-238 -7 239 0
-238 239 15 0
-239 -16 21 0
-239 -16 240 0
-239 240 21 0
-240 -22 27 0
-240 241 -22 0
-240 241 27 0
-241 34 -29 0
-241 242 -29 0
-241 34 242 0
-242 42 -37 0
-1 11 0
-1 243 0
11 243 0
-243 13 -3 0
-243 244 -3 0
-243 244 13 0
-244 -5 14 0
-244 -5 245 0
-244 245 14 0
-245 -8 15 0
-245 -8 246 0
-245 246 15 0
-246 21 -17 0
-246 247 -17 0
-246 21 247 0
-247 -23 27 0
-247 248 -23 0
-247 248 27 0
-248 -30 34 0
-248 249 -30 0
-248 249 34 0
-249 -38 42 0
-2 11 0
-2 250 0
250 11 0
-250 12 -3 0
-250 251 -3 0
-250 251 12 0
-251 -6 14 0
-251 -6 252 0
-251 252 14 0
-252 15 -9 0
-252 253 -9 0
-252 253 15 0
-253 21 -18 0
-253 -18 254 0
-253 21 254 0
-254 -24 27 0
-254 -24 255 0
-254 27 255 0
-255 -31 34 0
-255 256 -31 0
-255 256 34 0
-256 -39 42 0
-4 11 0
-4 257 0
257 11 0
-257 -5 12 0
-257 258 -5 0
-257 258 12 0
-258 -6 13 0
-258 -6 259 0
-258 259 13 0
-259 -10 15 0
-259 260 -10 0
-259 260 15 0
-260 21 -19 0
-260 261 -19 0
-260 261 21 0
-261 27 -25 0
-261 262 -25 0
-261 27 262 0
-262 -32 34 0
-262 -32 263 0
-262 34 263 0
-263 -40 42 0
-7 11 0
-7 264 0
264 11 0
-264 -8 12 0
-264 -8 265 0
-264 265 12 0
-265 13 -9 0
-265 266 -9 0
-265 266 13 0
-266 -10 14 0
-266 267 -10 0
-266 267 14 0
-267 -20 21 0
-267 -20 268 0
-267 268 21 0
-268 27 -26 0
-268 269 -26 0
-268 27 269 0
-269 34 -33 0
-269 270 -33 0
-269 34 270 0
-270 42 -41 0
-1 17 0
-1 271 0
17 271 0
-271 18 -2 0
-271 272 -2 0
-271 272 18 0
-272 19 -4 0
-272 273 -4 0
-272 273 19 0
-273 -7 20 0
-273 -7 274 0
-273 274 20 0
-274 21 -11 0
-274 275 -11 0
-274 275 21 0
-275 -22 28 0
-275 -22 276 0
-275 28 276 0
-276 35 -29 0
-276 -29 277 0
-276 35 277 0
-277 43 -37 0
-1 16 0
-1 278 0
16 278 0
-278 18 -3 0
-278 -3 279 0
-278 18 279 0
-279 19 -5 0
-279 280 -5 0
-279 280 19 0
-280 -8 20 0
-280 -8 281 0
-280 281 20 0
-281 -12 21 0
-281 282 -12 0
-281 282 21 0
-282 -23 28 0
-282 -23 283 0
-282 283 28 0
-283 -30 35 0
-283 -30 284 0
-283 35 284 0
-284 -38 43 0
-2 16 0
-2 285 0
16 285 0
-285 17 -3 0
-285 -3 286 0
-285 17 286 0
-286 -6 19 0
-286 -6 287 0
-286 19 287 0
-287 20 -9 0
-287 288 -9 0
-287 288 20 0
-288 -13 21 0
-288 289 -13 0
-288 289 21 0
-289 -24 28 0
-289 -24 290 0
-289 290 28 0
-290 -31 35 0
-290 -31 291 0
-290 291 35 0
-291 -39 43 0
-4 16 0
-4 292 0
16 292 0
-292 17 -5 0
-292 -5 293 0
-292 17 293 0
-293 -6 18 0
-293 -6 294 0
-293 18 294 0
-294 20 -10 0
-294 -10 295 0
-294 20 295 0
-295 -14 21 0
-295 296 -14 0
-295 296 21 0
-296 28 -25 0
-296 297 -25 0
-296 297 28 0
-297 -32 35 0
-297 -32 298 0
-297 298 35 0
-298 -40 43 0
-7 16 0
-7 299 0
16 299 0
-299 -8 17 0
-299 -8 300 0
-299 17 300 0
-300 18 -9 0
-300 301 -9 0
-300 18 301 0
-301 19 -10 0
-301 302 -10 0
-301 19 302 0
-302 -15 21 0
-302 -15 303 0
-302 21 303 0
-303 28 -26 0
-303 304 -26 0
-303 304 28 0
-304 35 -33 0
-304 305 -33 0
-304 305 35 0
-305 43 -41 0
-11 16 0
-11 306 0
16 306 0
-306 17 -12 0
-306 307 -12 0
-306 17 307 0
-307 18 -13 0
-307 -13 308 0
-307 18 308 0
-308 -14 19 0
-308 -14 309 0
-308 19 309 0
-309 -15 20 0
-309 -15 310 0
-309 20 310 0
-310 28 -27 0
-310 -27 311 0
-310 28 311 0
-311 35 -34 0
-311 312 -34 0
-311 312 35 0
-312 43 -42 0
-1 23 0
-1 313 0
313 23 0
-313 24 -2 0
-313 314 -2 0
-313 24 314 0
-314 25 -4 0
-314 315 -4 0
-314 25 315 0
-315 -7 26 0
-315 -7 316 0
-315 26 316 0
-316 27 -11 0
-316 317 -11 0
-316 27 317 0
-317 -16 28 0
-317 -16 318 0
-317 28 318 0
-318 -29 36 0
-318 -29 319 0
-318 36 319 0
-319 -37 44 0
-1 22 0
-1 320 0
320 22 0
-320 24 -3 0
-320 321 -3 0
-320 24 321 0
-321 25 -5 0
-321 322 -5 0
-321 25 322 0
-322 -8 26 0
-322 -8 323 0
-322 26 323 0
-323 27 -12 0
-323 -12 324 0
-323 27 324 0
-324 28 -17 0
-324 325 -17 0
-324 28 325 0
-325 -30 36 0
-325 -30 326 0
-325 36 326 0
-326 -38 44 0
-2 22 0
-2 327 0
22 327 0
-327 -3 23 0
-327 328 -3 0
-327 328 23 0
-328 25 -6 0
-328 329 -6 0
-328 329 25 0
-329 26 -9 0
-329 330 -9 0
-329 26 330 0
-330 27 -13 0
-330 331 -13 0
-330 331 27 0
-331 28 -18 0
-331 332 -18 0
-331 28 332 0
-332 -31 36 0
-332 -31 333 0
-332 36 333 0
-333 -39 44 0
-4 22 0
-4 334 0
334 22 0
-334 -5 23 0
-334 -5 335 0
-334 335 23 0
-335 24 -6 0
-335 336 -6 0
-335 24 336 0
-336 26 -10 0
-336 337 -10 0
-336 337 26 0
-337 -14 27 0
-337 -14 338 0
-337 338 27 0
-338 28 -19 0
-338 339 -19 0
-338 339 28 0
-339 -32 36 0
-339 -32 340 0
-339 36 340 0
-340 -40 44 0
-7 22 0
-7 341 0
341 22 0
-341 -8 23 0
-341 -8 342 0
-341 342 23 0
-342 24 -9 0
-342 343 -9 0
-342 24 343 0
-343 25 -10 0
-343 344 -10 0
-343 344 25 0
-344 -15 27 0
-344 345 -15 0
-344 345 27 0
-345 -20 28 0
-345 346 -20 0
-345 346 28 0
-346 36 -33 0
-346 347 -33 0
-346 347 36 0
-347 44 -41 0
-11 22 0
-11 348 0
348 22 0
-348 -12 23 0
-348 -12 349 0
-348 349 23 0
-349 24 -13 0
-349 -13 350 0
-349 24 350 0
-350 25 -14 0
-350 -14 351 0
-350 25 351 0
-351 -15 26 0
-351 352 -15 0
-351 352 26 0
-352 -21 28 0
-352 353 -21 0
-352 353 28 0
-353 36 -34 0
-353 354 -34 0
-353 354 36 0
-354 44 -42 0
-16 22 0
-16 355 0
355 22 0
-355 23 -17 0
-355 356 -17 0
-355 356 23 0
-356 24 -18 0
-356 357 -18 0
-356 24 357 0
-357 25 -19 0
-357 -19 358 0
-357 25 358 0
-358 26 -20 0
-358 -20 359 0
-358 26 359 0
-359 27 -21 0
-359 360 -21 0
-359 360 27 0
-360 36 -35 0
-360 361 -35 0
-360 361 36 0
-361 44 -43 0
-1 30 0
-1 362 0
362 30 0
-362 -2 31 0
-362 363 -2 0
-362 363 31 0
-363 32 -4 0
-363 364 -4 0
-363 32 364 0
-364 -7 33 0
-364 -7 365 0
-364 33 365 0
-365 34 -11 0
-365 -11 366 0
-365 34 366 0
-366 -16 35 0
-366 -16 367 0
-366 35 367 0
-367 -22 36 0
-367 368 -22 0
-367 368 36 0
-368 -37 45 0
-1 29 0
-1 369 0
369 29 0
-369 -3 31 0
-369 370 -3 0
-369 370 31 0
-370 32 -5 0
-370 371 -5 0
-370 32 371 0
-371 -8 33 0
-371 -8 372 0
-371 33 372 0
-372 34 -12 0
-372 -12 373 0
-372 34 373 0
-373 35 -17 0
-373 374 -17 0
-373 35 374 0
-374 -23 36 0
-374 -23 375 0
-374 36 375 0
-375 -38 45 0
-2 29 0
-2 376 0
376 29 0
-376 -3 30 0
-376 377 -3 0
-376 377 30 0
-377 32 -6 0
-377 -6 378 0
-377 32 378 0
-378 33 -9 0
-378 379 -9 0
-378 33 379 0
-379 34 -13 0
-379 -13 380 0
-379 34 380 0
-380 35 -18 0
-380 381 -18 0
-380 35 381 0
-381 -24 36 0
-381 -24 382 0
-381 36 382 0
-382 -39 45 0
-4 29 0
-4 383 0
29 383 0
-383 -5 30 0
-383 384 -5 0
-383 384 30 0
-384 -6 31 0
-384 385 -6 0
-384 385 31 0
-385 33 -10 0
-385 386 -10 0
-385 33 386 0
-386 -14 34 0
-386 -14 387 0
-386 34 387 0
-387 35 -19 0
-387 388 -19 0
-387 35 388 0
-388 36 -25 0
-388 389 -25 0
-388 36 389 0
-389 -40 45 0
-7 29 0
-7 390 0
29 390 0
-390 -8 30 0
-390 -8 391 0
-390 30 391 0
-391 31 -9 0
-391 392 -9 0
-391 392 31 0
-392 32 -10 0
-392 393 -10 0
-392 32 393 0
-393 -15 34 0
-393 -15 394 0
-393 34 394 0
-394 35 -20 0
-394 395 -20 0
-394 35 395 0
-395 36 -26 0
-395 396 -26 0
-395 396 36 0
-396 45 -41 0
-11 29 0
-11 397 0
29 397 0
-397 -12 30 0
-397 -12 398 0
-397 398 30 0
-398 -13 31 0
-398 -13 399 0
-398 399 31 0
-399 32 -14 0
-399 400 -14 0
-399 32 400 0
-400 -15 33 0
-400 -15 401 0
-400 33 401 0
-401 35 -21 0
-401 402 -21 0
-401 402 35 0
-402 36 -27 0
-402 403 -27 0
-402 403 36 0
-403 45 -42 0
-16 29 0
-16 404 0
404 29 0
-404 30 -17 0
-404 405 -17 0
-404 405 30 0
-405 -18 31 0
-405 406 -18 0
-405 406 31 0
-406 32 -19 0
-406 -19 407 0
-406 32 407 0
-407 33 -20 0
-407 408 -20 0
-407 408 33 0
-408 34 -21 0
-408 409 -21 0
-408 409 34 0
-409 -28 36 0
-409 410 -28 0
-409 410 36 0
-410 45 -43 0
-22 29 0
-22 411 0
411 29 0
-411 -23 30 0
-411 -23 412 0
-411 412 30 0
-412 -24 31 0
-412 -24 413 0
-412 413 31 0
-413 32 -25 0
-413 414 -25 0
-413 32 414 0
-414 33 -26 0
-414 -26 415 0
-414 33 415 0
-415 34 -27 0
-415 416 -27 0
-415 416 34 0
-416 35 -28 0
-416 417 -28 0
-416 417 35 0
-417 -44 45 0
-1 38 0
-1 418 0
418 38 0
-418 -2 39 0
-418 419 -2 0
-418 419 39 0
-419 40 -4 0
-419 420 -4 0
-419 40 420 0
-420 -7 41 0
-420 -7 421 0
-420 41 421 0
-421 42 -11 0
-421 -11 422 0
-421 42 422 0
-422 -16 43 0
-422 -16 423 0
-422 43 423 0
-423 -22 44 0
-423 424 -22 0
-423 424 44 0
-424 -29 45 0
-1 37 0
-1 425 0
425 37 0
-425 -3 39 0
-425 426 -3 0
-425 426 39 0
-426 40 -5 0
-426 -5 427 0
-426 40 427 0
-427 -8 41 0
-427 -8 428 0
-427 41 428 0
-428 42 -12 0
-428 -12 429 0
-428 42 429 0
-429 43 -17 0
-429 430 -17 0
-429 43 430 0
-430 -23 44 0
-430 -23 431 0
-430 44 431 0
-431 -30 45 0
-2 37 0
-2 432 0
432 37 0
-432 -3 38 0
-432 433 -3 0
-432 433 38 0
-433 40 -6 0
-433 434 -6 0
-433 40 434 0
-434 41 -9 0
-434 435 -9 0
-434 41 435 0
-435 42 -13 0
-435 -13 436 0
-435 42 436 0
-436 43 -18 0
-436 437 -18 0
-436 43 437 0
-437 -24 44 0
-437 -24 438 0
-437 44 438 0
-438 -31 45 0
-4 37 0
-4 439 0
37 439 0
-439 -5 38 0
-439 440 -5 0
-439 440 38 0
-440 -6 39 0
-440 441 -6 0
-440 441 39 0
-441 41 -10 0
-441 442 -10 0
-441 41 442 0
-442 -14 42 0
-442 -14 443 0
-442 42 443 0
-443 43 -19 0
-443 444 -19 0
-443 43 444 0
-444 44 -25 0
-444 445 -25 0
-444 44 445 0
-445 -32 45 0
-7 37 0
-7 446 0
37 446 0
-446 -8 38 0
-446 -8 447 0
-446 38 447 0
-447 39 -9 0
-447 448 -9 0
-447 448 39 0
-448 40 -10 0
-448 449 -10 0
-448 40 449 0
-449 -15 42 0
-449 -15 450 0
-449 450 42 0
-450 43 -20 0
-450 451 -20 0
-450 43 451 0
-451 44 -26 0
-451 452 -26 0
-451 452 44 0
-452 45 -33 0
-11 37 0
-11 453 0
453 37 0
-453 -12 38 0
-453 -12 454 0
-453 454 38 0
-454 -13 39 0
-454 -13 455 0
-454 455 39 0
-455 40 -14 0
-455 456 -14 0
-455 40 456 0
-456 -15 41 0
-456 -15 457 0
-456 41 457 0
-457 43 -21 0
-457 458 -21 0
-457 458 43 0
-458 44 -27 0
-458 459 -27 0
-458 459 44 0
-459 45 -34 0
-16 37 0
-16 460 0
460 37 0
-460 38 -17 0
-460 461 -17 0
-460 461 38 0
-461 -18 39 0
-461 462 -18 0
-461 462 39 0
-462 40 -19 0
-462 -19 463 0
-462 40 463 0
-463 41 -20 0
-463 464 -20 0
-463 464 41 0
-464 42 -21 0
-464 465 -21 0
-464 465 42 0
-465 -28 44 0
-465 466 -28 0
-465 466 44 0
-466 45 -35 0
-22 37 0
-22 467 0
467 37 0
-467 -23 38 0
-467 -23 468 0
-467 468 38 0
-468 -24 39 0
-468 -24 469 0
-468 469 39 0
-469 40 -25 0
-469 470 -25 0
-469 40 470 0
-470 41 -26 0
-470 -26 471 0
-470 41 471 0
-471 42 -27 0
-471 472 -27 0
-471 472 42 0
-472 43 -28 0
-472 473 -28 0
-472 473 43 0
-473 -36 45 0
-29 37 0
-29 474 0
474 37 0
-474 -30 38 0
-474 -30 475 0
-474 475 38 0
-475 -31 39 0
-475 -31 476 0
-475 476 39 0
-476 -32 40 0
-476 -32 477 0
-476 40 477 0
-477 41 -33 0
-477 478 -33 0
-477 41 478 0
-478 42 -34 0
-478 -34 479 0
-478 42 479 0
-479 43 -35 0
-479 480 -35 0
-479 480 43 0
-480 -36 44 0
