p cnf 40 85
-1 -4 -3 -6 0
-2 -4 -3 -5 0
-1 -2 -5 -6 0
-1 -7 -3 -9 0
-2 -7 -3 -8 0
-1 -2 -8 -9 0
-1 -7 -5 -10 0
-4 -7 -5 -8 0
-1 -4 -8 -10 0
-2 -7 -6 -10 0
-4 -7 -6 -9 0
-2 -4 -9 -10 0
-3 -8 -6 -10 0
-5 -8 -6 -9 0
-3 -5 -9 -10 0
-2 3 0
-2 21 0
3 21 0
-21 -4 5 0
-21 -4 22 0
-21 5 22 0
-22 8 -7 0
-1 3 0
-1 23 0
3 23 0
-23 -4 6 0
-23 24 -4 0
-23 24 6 0
-24 -7 9 0
-1 2 0
-1 25 0
25 2 0
-25 -5 6 0
-25 26 -5 0
-25 26 6 0
-26 -8 9 0
-1 5 0
-1 27 0
27 5 0
-27 -2 6 0
-27 28 -2 0
-27 28 6 0
-28 -7 10 0
-1 4 0
-1 29 0
4 29 0
-29 -3 6 0
-29 -3 30 0
-29 6 30 0
-30 -8 10 0
-2 4 0
-2 31 0
4 31 0
-31 5 -3 0
-31 32 -3 0
-31 32 5 0
-32 10 -9 0
-1 8 0
-1 33 0
8 33 0
-33 9 -2 0
-33 34 -2 0
-33 9 34 0
-34 10 -4 0
-1 7 0
-1 35 0
35 7 0
-35 9 -3 0
-35 36 -3 0
-35 9 36 0
-36 10 -5 0
-2 7 0
-2 37 0
37 7 0
-37 8 -3 0
-37 -3 38 0
-37 8 38 0
-38 -6 10 0
-4 7 0
-4 39 0
39 7 0
-39 8 -5 0
-39 40 -5 0
-39 8 40 0
-40 9 -6 0
