p cnf 660 2365
-1 -4 -3 -6 0
-2 -4 -3 -5 0
-1 -2 -5 -6 0
-1 -7 -3 -9 0
-2 -7 -3 -8 0
-1 -2 -8 -9 0
-1 -11 -3 -13 0
-2 -11 -3 -12 0
-1 -2 -12 -13 0
-1 -16 -3 -18 0
-2 -16 -3 -17 0
-1 -2 -17 -18 0
-1 -22 -3 -24 0
-2 -22 -3 -23 0
-1 -2 -23 -24 0
-1 -29 -3 -31 0
-2 -29 -3 -30 0
-1 -2 -30 -31 0
-1 -37 -3 -39 0
-2 -37 -3 -38 0
-1 -2 -38 -39 0
-1 -46 -3 -48 0
-2 -46 -3 -47 0
-1 -2 -47 -48 0
-1 -7 -5 -10 0
-4 -7 -5 -8 0
-1 -4 -8 -10 0
-1 -11 -5 -14 0
-4 -11 -5 -12 0
-1 -4 -12 -14 0
-1 -16 -5 -19 0
-4 -16 -5 -17 0
-1 -4 -17 -19 0
-1 -22 -5 -25 0
-4 -22 -5 -23 0
-1 -4 -23 -25 0
-1 -29 -5 -32 0
-4 -29 -5 -30 0
-1 -4 -30 -32 0
-1 -37 -5 -40 0
-4 -37 -5 -38 0
-1 -4 -38 -40 0
-1 -46 -5 -49 0
-4 -46 -5 -47 0
-1 -4 -47 -49 0
-1 -11 -8 -15 0
-7 -11 -8 -12 0
-1 -7 -12 -15 0
-1 -16 -8 -20 0
-7 -16 -8 -17 0
-1 -7 -17 -20 0
-1 -22 -8 -26 0
-7 -22 -8 -23 0
-1 -7 -23 -26 0
-1 -29 -8 -33 0
-7 -29 -8 -30 0
-1 -7 -30 -33 0
-1 -37 -8 -41 0
-7 -37 -8 -38 0
-1 -7 -38 -41 0
-1 -46 -8 -50 0
-7 -46 -8 -47 0
-1 -7 -47 -50 0
-1 -16 -12 -21 0
-11 -16 -12 -17 0
-1 -11 -17 -21 0
-1 -22 -12 -27 0
-11 -22 -12 -23 0
-1 -11 -23 -27 0
-1 -29 -12 -34 0
-11 -29 -12 -30 0
-1 -11 -30 -34 0
-1 -37 -12 -42 0
-11 -37 -12 -38 0
-1 -11 -38 -42 0
-1 -46 -12 -51 0
-11 -46 -12 -47 0
-1 -11 -47 -51 0
-1 -22 -17 -28 0
-16 -22 -17 -23 0
-1 -16 -23 -28 0
-1 -29 -17 -35 0
-16 -29 -17 -30 0
-1 -16 -30 -35 0
-1 -37 -17 -43 0
-16 -37 -17 -38 0
-1 -16 -38 -43 0
-1 -46 -17 -52 0
-16 -46 -17 -47 0
-1 -16 -47 -52 0
-1 -29 -23 -36 0
-22 -29 -23 -30 0
-1 -22 -30 -36 0
-1 -37 -23 -44 0
-22 -37 -23 -38 0
-1 -22 -38 -44 0
-1 -46 -23 -53 0
-22 -46 -23 -47 0
-1 -22 -47 -53 0
-1 -37 -30 -45 0
-29 -37 -30 -38 0
-1 -29 -38 -45 0
-1 -46 -30 -54 0
-29 -46 -30 -47 0
-1 -29 -47 -54 0
-1 -46 -38 -55 0
-37 -46 -38 -47 0
-1 -37 -47 -55 0
-2 -7 -6 -10 0
-4 -7 -6 -9 0
-2 -4 -9 -10 0
-2 -11 -6 -14 0
-4 -11 -6 -13 0
-2 -4 -13 -14 0
-2 -16 -6 -19 0
-4 -16 -6 -18 0
-2 -4 -18 -19 0
-2 -22 -6 -25 0
-4 -22 -6 -24 0
-2 -4 -24 -25 0
-2 -29 -6 -32 0
-4 -29 -6 -31 0
-2 -4 -31 -32 0
-2 -37 -6 -40 0
-4 -37 -6 -39 0
-2 -4 -39 -40 0
-2 -46 -6 -49 0
-4 -46 -6 -48 0
-2 -4 -48 -49 0
-2 -11 -9 -15 0
-7 -11 -9 -13 0
-2 -7 -13 -15 0
-2 -16 -9 -20 0
-7 -16 -9 -18 0
-2 -7 -18 -20 0
-2 -22 -9 -26 0
-7 -22 -9 -24 0
-2 -7 -24 -26 0
-2 -29 -9 -33 0
-7 -29 -9 -31 0
-2 -7 -31 -33 0
-2 -37 -9 -41 0
-7 -37 -9 -39 0
-2 -7 -39 -41 0
-2 -46 -9 -50 0
-7 -46 -9 -48 0
-2 -7 -48 -50 0
-2 -16 -13 -21 0
-11 -16 -13 -18 0
-2 -11 -18 -21 0
-2 -22 -13 -27 0
-11 -22 -13 -24 0
-2 -11 -24 -27 0
-2 -29 -13 -34 0
-11 -29 -13 -31 0
-2 -11 -31 -34 0
-2 -37 -13 -42 0
-11 -37 -13 -39 0
-2 -11 -39 -42 0
-2 -46 -13 -51 0
-11 -46 -13 -48 0
-2 -11 -48 -51 0
-2 -22 -18 -28 0
-16 -22 -18 -24 0
-2 -16 -24 -28 0
-2 -29 -18 -35 0
-16 -29 -18 -31 0
-2 -16 -31 -35 0
-2 -37 -18 -43 0
-16 -37 -18 -39 0
-2 -16 -39 -43 0
-2 -46 -18 -52 0
-16 -46 -18 -48 0
-2 -16 -48 -52 0
-2 -29 -24 -36 0
-22 -29 -24 -31 0
-2 -22 -31 -36 0
-2 -37 -24 -44 0
-22 -37 -24 -39 0
-2 -22 -39 -44 0
-2 -46 -24 -53 0
-22 -46 -24 -48 0
-2 -22 -48 -53 0
-2 -37 -31 -45 0
-29 -37 -31 -39 0
-2 -29 -39 -45 0
-2 -46 -31 -54 0
-29 -46 -31 -48 0
-2 -29 -48 -54 0
-2 -46 -39 -55 0
-37 -46 -39 -48 0
-2 -37 -48 -55 0
-4 -11 -10 -15 0
-7 -11 -10 -14 0
-4 -7 -14 -15 0
-4 -16 -10 -20 0
-7 -16 -10 -19 0
-4 -7 -19 -20 0
-4 -22 -10 -26 0
-7 -22 -10 -25 0
-4 -7 -25 -26 0
-4 -29 -10 -33 0
-7 -29 -10 -32 0
-4 -7 -32 -33 0
-4 -37 -10 -41 0
-7 -37 -10 -40 0
-4 -7 -40 -41 0
-4 -46 -10 -50 0
-7 -46 -10 -49 0
-4 -7 -49 -50 0
-4 -16 -14 -21 0
-11 -16 -14 -19 0
-4 -11 -19 -21 0
-4 -22 -14 -27 0
-11 -22 -14 -25 0
-4 -11 -25 -27 0
-4 -29 -14 -34 0
-11 -29 -14 -32 0
-4 -11 -32 -34 0
-4 -37 -14 -42 0
-11 -37 -14 -40 0
-4 -11 -40 -42 0
-4 -46 -14 -51 0
-11 -46 -14 -49 0
-4 -11 -49 -51 0
-4 -22 -19 -28 0
-16 -22 -19 -25 0
-4 -16 -25 -28 0
-4 -29 -19 -35 0
-16 -29 -19 -32 0
-4 -16 -32 -35 0
-4 -37 -19 -43 0
-16 -37 -19 -40 0
-4 -16 -40 -43 0
-4 -46 -19 -52 0
-16 -46 -19 -49 0
-4 -16 -49 -52 0
-4 -29 -25 -36 0
-22 -29 -25 -32 0
-4 -22 -32 -36 0
-4 -37 -25 -44 0
-22 -37 -25 -40 0
-4 -22 -40 -44 0
-4 -46 -25 -53 0
-22 -46 -25 -49 0
-4 -22 -49 -53 0
-4 -37 -32 -45 0
-29 -37 -32 -40 0
-4 -29 -40 -45 0
-4 -46 -32 -54 0
-29 -46 -32 -49 0
-4 -29 -49 -54 0
-4 -46 -40 -55 0
-37 -46 -40 -49 0
-4 -37 -49 -55 0
-7 -16 -15 -21 0
-11 -16 -15 -20 0
-7 -11 -20 -21 0
-7 -22 -15 -27 0
-11 -22 -15 -26 0
-7 -11 -26 -27 0
-7 -29 -15 -34 0
-11 -29 -15 -33 0
-7 -11 -33 -34 0
-7 -37 -15 -42 0
-11 -37 -15 -41 0
-7 -11 -41 -42 0
-7 -46 -15 -51 0
-11 -46 -15 -50 0
-7 -11 -50 -51 0
-7 -22 -20 -28 0
-16 -22 -20 -26 0
-7 -16 -26 -28 0
-7 -29 -20 -35 0
-16 -29 -20 -33 0
-7 -16 -33 -35 0
-7 -37 -20 -43 0
-16 -37 -20 -41 0
-7 -16 -41 -43 0
-7 -46 -20 -52 0
-16 -46 -20 -50 0
-7 -16 -50 -52 0
-7 -29 -26 -36 0
-22 -29 -26 -33 0
-7 -22 -33 -36 0
-7 -37 -26 -44 0
-22 -37 -26 -41 0
-7 -22 -41 -44 0
-7 -46 -26 -53 0
-22 -46 -26 -50 0
-7 -22 -50 -53 0
-7 -37 -33 -45 0
-29 -37 -33 -41 0
-7 -29 -41 -45 0
-7 -46 -33 -54 0
-29 -46 -33 -50 0
-7 -29 -50 -54 0
-7 -46 -41 -55 0
-37 -46 -41 -50 0
-7 -37 -50 -55 0
-11 -22 -21 -28 0
-16 -22 -21 -27 0
-11 -16 -27 -28 0
-11 -29 -21 -35 0
-16 -29 -21 -34 0
-11 -16 -34 -35 0
-11 -37 -21 -43 0
-16 -37 -21 -42 0
-11 -16 -42 -43 0
-11 -46 -21 -52 0
-16 -46 -21 -51 0
-11 -16 -51 -52 0
-11 -29 -27 -36 0
-22 -29 -27 -34 0
-11 -22 -34 -36 0
-11 -37 -27 -44 0
-22 -37 -27 -42 0
-11 -22 -42 -44 0
-11 -46 -27 -53 0
-22 -46 -27 -51 0
-11 -22 -51 -53 0
-11 -37 -34 -45 0
-29 -37 -34 -42 0
-11 -29 -42 -45 0
-11 -46 -34 -54 0
-29 -46 -34 -51 0
-11 -29 -51 -54 0
-11 -46 -42 -55 0
-37 -46 -42 -51 0
-11 -37 -51 -55 0
-16 -29 -28 -36 0
-22 -29 -28 -35 0
-16 -22 -35 -36 0
-16 -37 -28 -44 0
-22 -37 -28 -43 0
-16 -22 -43 -44 0
-16 -46 -28 -53 0
-22 -46 -28 -52 0
-16 -22 -52 -53 0
-16 -37 -35 -45 0
-29 -37 -35 -43 0
-16 -29 -43 -45 0
-16 -46 -35 -54 0
-29 -46 -35 -52 0
-16 -29 -52 -54 0
-16 -46 -43 -55 0
-37 -46 -43 -52 0
-16 -37 -52 -55 0
-22 -37 -36 -45 0
-29 -37 -36 -44 0
-22 -29 -44 -45 0
-22 -46 -36 -54 0
-29 -46 -36 -53 0
-22 -29 -53 -54 0
-22 -46 -44 -55 0
-37 -46 -44 -53 0
-22 -37 -53 -55 0
-29 -46 -45 -55 0
-37 -46 -45 -54 0
-29 -37 -54 -55 0
-3 -8 -6 -10 0
-5 -8 -6 -9 0
-3 -5 -9 -10 0
-3 -12 -6 -14 0
-5 -12 -6 -13 0
-3 -5 -13 -14 0
-3 -17 -6 -19 0
-5 -17 -6 -18 0
-3 -5 -18 -19 0
-3 -23 -6 -25 0
-5 -23 -6 -24 0
-3 -5 -24 -25 0
-3 -30 -6 -32 0
-5 -30 -6 -31 0
-3 -5 -31 -32 0
-3 -38 -6 -40 0
-5 -38 -6 -39 0
-3 -5 -39 -40 0
-3 -47 -6 -49 0
-5 -47 -6 -48 0
-3 -5 -48 -49 0
-3 -12 -9 -15 0
-8 -12 -9 -13 0
-3 -8 -13 -15 0
-3 -17 -9 -20 0
-8 -17 -9 -18 0
-3 -8 -18 -20 0
-3 -23 -9 -26 0
-8 -23 -9 -24 0
-3 -8 -24 -26 0
-3 -30 -9 -33 0
-8 -30 -9 -31 0
-3 -8 -31 -33 0
-3 -38 -9 -41 0
-8 -38 -9 -39 0
-3 -8 -39 -41 0
-3 -47 -9 -50 0
-8 -47 -9 -48 0
-3 -8 -48 -50 0
-3 -17 -13 -21 0
-12 -17 -13 -18 0
-3 -12 -18 -21 0
-3 -23 -13 -27 0
-12 -23 -13 -24 0
-3 -12 -24 -27 0
-3 -30 -13 -34 0
-12 -30 -13 -31 0
-3 -12 -31 -34 0
-3 -38 -13 -42 0
-12 -38 -13 -39 0
-3 -12 -39 -42 0
-3 -47 -13 -51 0
-12 -47 -13 -48 0
-3 -12 -48 -51 0
-3 -23 -18 -28 0
-17 -23 -18 -24 0
-3 -17 -24 -28 0
-3 -30 -18 -35 0
-17 -30 -18 -31 0
-3 -17 -31 -35 0
-3 -38 -18 -43 0
-17 -38 -18 -39 0
-3 -17 -39 -43 0
-3 -47 -18 -52 0
-17 -47 -18 -48 0
-3 -17 -48 -52 0
-3 -30 -24 -36 0
-23 -30 -24 -31 0
-3 -23 -31 -36 0
-3 -38 -24 -44 0
-23 -38 -24 -39 0
-3 -23 -39 -44 0
-3 -47 -24 -53 0
-23 -47 -24 -48 0
-3 -23 -48 -53 0
-3 -38 -31 -45 0
-30 -38 -31 -39 0
-3 -30 -39 -45 0
-3 -47 -31 -54 0
-30 -47 -31 -48 0
-3 -30 -48 -54 0
-3 -47 -39 -55 0
-38 -47 -39 -48 0
-3 -38 -48 -55 0
-5 -12 -10 -15 0
-8 -12 -10 -14 0
-5 -8 -14 -15 0
-5 -17 -10 -20 0
-8 -17 -10 -19 0
-5 -8 -19 -20 0
-5 -23 -10 -26 0
-8 -23 -10 -25 0
-5 -8 -25 -26 0
-5 -30 -10 -33 0
-8 -30 -10 -32 0
-5 -8 -32 -33 0
-5 -38 -10 -41 0
-8 -38 -10 -40 0
-5 -8 -40 -41 0
-5 -47 -10 -50 0
-8 -47 -10 -49 0
-5 -8 -49 -50 0
-5 -17 -14 -21 0
-12 -17 -14 -19 0
-5 -12 -19 -21 0
-5 -23 -14 -27 0
-12 -23 -14 -25 0
-5 -12 -25 -27 0
-5 -30 -14 -34 0
-12 -30 -14 -32 0
-5 -12 -32 -34 0
-5 -38 -14 -42 0
-12 -38 -14 -40 0
-5 -12 -40 -42 0
-5 -47 -14 -51 0
-12 -47 -14 -49 0
-5 -12 -49 -51 0
-5 -23 -19 -28 0
-17 -23 -19 -25 0
-5 -17 -25 -28 0
-5 -30 -19 -35 0
-17 -30 -19 -32 0
-5 -17 -32 -35 0
-5 -38 -19 -43 0
-17 -38 -19 -40 0
-5 -17 -40 -43 0
-5 -47 -19 -52 0
-17 -47 -19 -49 0
-5 -17 -49 -52 0
-5 -30 -25 -36 0
-23 -30 -25 -32 0
-5 -23 -32 -36 0
-5 -38 -25 -44 0
-23 -38 -25 -40 0
-5 -23 -40 -44 0
-5 -47 -25 -53 0
-23 -47 -25 -49 0
-5 -23 -49 -53 0
-5 -38 -32 -45 0
-30 -38 -32 -40 0
-5 -30 -40 -45 0
-5 -47 -32 -54 0
-30 -47 -32 -49 0
-5 -30 -49 -54 0
-5 -47 -40 -55 0
-38 -47 -40 -49 0
-5 -38 -49 -55 0
-8 -17 -15 -21 0
-12 -17 -15 -20 0
-8 -12 -20 -21 0
-8 -23 -15 -27 0
-12 -23 -15 -26 0
-8 -12 -26 -27 0
-8 -30 -15 -34 0
-12 -30 -15 -33 0
-8 -12 -33 -34 0
-8 -38 -15 -42 0
-12 -38 -15 -41 0
-8 -12 -41 -42 0
-8 -47 -15 -51 0
-12 -47 -15 -50 0
-8 -12 -50 -51 0
-8 -23 -20 -28 0
-17 -23 -20 -26 0
-8 -17 -26 -28 0
-8 -30 -20 -35 0
-17 -30 -20 -33 0
-8 -17 -33 -35 0
-8 -38 -20 -43 0
-17 -38 -20 -41 0
-8 -17 -41 -43 0
-8 -47 -20 -52 0
-17 -47 -20 -50 0
-8 -17 -50 -52 0
-8 -30 -26 -36 0
-23 -30 -26 -33 0
-8 -23 -33 -36 0
-8 -38 -26 -44 0
-23 -38 -26 -41 0
-8 -23 -41 -44 0
-8 -47 -26 -53 0
-23 -47 -26 -50 0
-8 -23 -50 -53 0
-8 -38 -33 -45 0
-30 -38 -33 -41 0
-8 -30 -41 -45 0
-8 -47 -33 -54 0
-30 -47 -33 -50 0
-8 -30 -50 -54 0
-8 -47 -41 -55 0
-38 -47 -41 -50 0
-8 -38 -50 -55 0
-12 -23 -21 -28 0
-17 -23 -21 -27 0
-12 -17 -27 -28 0
-12 -30 -21 -35 0
-17 -30 -21 -34 0
-12 -17 -34 -35 0
-12 -38 -21 -43 0
-17 -38 -21 -42 0
-12 -17 -42 -43 0
-12 -47 -21 -52 0
-17 -47 -21 -51 0
-12 -17 -51 -52 0
-12 -30 -27 -36 0
-23 -30 -27 -34 0
-12 -23 -34 -36 0
-12 -38 -27 -44 0
-23 -38 -27 -42 0
-12 -23 -42 -44 0
-12 -47 -27 -53 0
-23 -47 -27 -51 0
-12 -23 -51 -53 0
-12 -38 -34 -45 0
-30 -38 -34 -42 0
-12 -30 -42 -45 0
-12 -47 -34 -54 0
-30 -47 -34 -51 0
-12 -30 -51 -54 0
-12 -47 -42 -55 0
-38 -47 -42 -51 0
-12 -38 -51 -55 0
-17 -30 -28 -36 0
-23 -30 -28 -35 0
-17 -23 -35 -36 0
-17 -38 -28 -44 0
-23 -38 -28 -43 0
-17 -23 -43 -44 0
-17 -47 -28 -53 0
-23 -47 -28 -52 0
-17 -23 -52 -53 0
-17 -38 -35 -45 0
-30 -38 -35 -43 0
-17 -30 -43 -45 0
-17 -47 -35 -54 0
-30 -47 -35 -52 0
-17 -30 -52 -54 0
-17 -47 -43 -55 0
-38 -47 -43 -52 0
-17 -38 -52 -55 0
-23 -38 -36 -45 0
-30 -38 -36 -44 0
-23 -30 -44 -45 0
-23 -47 -36 -54 0
-30 -47 -36 -53 0
-23 -30 -53 -54 0
-23 -47 -44 -55 0
-38 -47 -44 -53 0
-23 -38 -53 -55 0
-30 -47 -45 -55 0
-38 -47 -45 -54 0
-30 -38 -54 -55 0
-6 -13 -10 -15 0
-9 -13 -10 -14 0
-6 -9 -14 -15 0
-6 -18 -10 -20 0
-9 -18 -10 -19 0
-6 -9 -19 -20 0
-6 -24 -10 -26 0
-9 -24 -10 -25 0
-6 -9 -25 -26 0
-6 -31 -10 -33 0
-9 -31 -10 -32 0
-6 -9 -32 -33 0
-6 -39 -10 -41 0
-9 -39 -10 -40 0
-6 -9 -40 -41 0
-6 -48 -10 -50 0
-9 -48 -10 -49 0
-6 -9 -49 -50 0
-6 -18 -14 -21 0
-13 -18 -14 -19 0
-6 -13 -19 -21 0
-6 -24 -14 -27 0
-13 -24 -14 -25 0
-6 -13 -25 -27 0
-6 -31 -14 -34 0
-13 -31 -14 -32 0
-6 -13 -32 -34 0
-6 -39 -14 -42 0
-13 -39 -14 -40 0
-6 -13 -40 -42 0
-6 -48 -14 -51 0
-13 -48 -14 -49 0
-6 -13 -49 -51 0
-6 -24 -19 -28 0
-18 -24 -19 -25 0
-6 -18 -25 -28 0
-6 -31 -19 -35 0
-18 -31 -19 -32 0
-6 -18 -32 -35 0
-6 -39 -19 -43 0
-18 -39 -19 -40 0
-6 -18 -40 -43 0
-6 -48 -19 -52 0
-18 -48 -19 -49 0
-6 -18 -49 -52 0
-6 -31 -25 -36 0
-24 -31 -25 -32 0
-6 -24 -32 -36 0
-6 -39 -25 -44 0
-24 -39 -25 -40 0
-6 -24 -40 -44 0
-6 -48 -25 -53 0
-24 -48 -25 -49 0
-6 -24 -49 -53 0
-6 -39 -32 -45 0
-31 -39 -32 -40 0
-6 -31 -40 -45 0
-6 -48 -32 -54 0
-31 -48 -32 -49 0
-6 -31 -49 -54 0
-6 -48 -40 -55 0
-39 -48 -40 -49 0
-6 -39 -49 -55 0
-9 -18 -15 -21 0
-13 -18 -15 -20 0
-9 -13 -20 -21 0
-9 -24 -15 -27 0
-13 -24 -15 -26 0
-9 -13 -26 -27 0
-9 -31 -15 -34 0
-13 -31 -15 -33 0
-9 -13 -33 -34 0
-9 -39 -15 -42 0
-13 -39 -15 -41 0
-9 -13 -41 -42 0
-9 -48 -15 -51 0
-13 -48 -15 -50 0
-9 -13 -50 -51 0
-9 -24 -20 -28 0
-18 -24 -20 -26 0
-9 -18 -26 -28 0
-9 -31 -20 -35 0
-18 -31 -20 -33 0
-9 -18 -33 -35 0
-9 -39 -20 -43 0
-18 -39 -20 -41 0
-9 -18 -41 -43 0
-9 -48 -20 -52 0
-18 -48 -20 -50 0
-9 -18 -50 -52 0
-9 -31 -26 -36 0
-24 -31 -26 -33 0
-9 -24 -33 -36 0
-9 -39 -26 -44 0
-24 -39 -26 -41 0
-9 -24 -41 -44 0
-9 -48 -26 -53 0
-24 -48 -26 -50 0
-9 -24 -50 -53 0
-9 -39 -33 -45 0
-31 -39 -33 -41 0
-9 -31 -41 -45 0
-9 -48 -33 -54 0
-31 -48 -33 -50 0
-9 -31 -50 -54 0
-9 -48 -41 -55 0
-39 -48 -41 -50 0
-9 -39 -50 -55 0
-13 -24 -21 -28 0
-18 -24 -21 -27 0
-13 -18 -27 -28 0
-13 -31 -21 -35 0
-18 -31 -21 -34 0
-13 -18 -34 -35 0
-13 -39 -21 -43 0
-18 -39 -21 -42 0
-13 -18 -42 -43 0
-13 -48 -21 -52 0
-18 -48 -21 -51 0
-13 -18 -51 -52 0
-13 -31 -27 -36 0
-24 -31 -27 -34 0
-13 -24 -34 -36 0
-13 -39 -27 -44 0
-24 -39 -27 -42 0
-13 -24 -42 -44 0
-13 -48 -27 -53 0
-24 -48 -27 -51 0
-13 -24 -51 -53 0
-13 -39 -34 -45 0
-31 -39 -34 -42 0
-13 -31 -42 -45 0
-13 -48 -34 -54 0
-31 -48 -34 -51 0
-13 -31 -51 -54 0
-13 -48 -42 -55 0
-39 -48 -42 -51 0
-13 -39 -51 -55 0
-18 -31 -28 -36 0
-24 -31 -28 -35 0
-18 -24 -35 -36 0
-18 -39 -28 -44 0
-24 -39 -28 -43 0
-18 -24 -43 -44 0
-18 -48 -28 -53 0
-24 -48 -28 -52 0
-18 -24 -52 -53 0
-18 -39 -35 -45 0
-31 -39 -35 -43 0
-18 -31 -43 -45 0
-18 -48 -35 -54 0
-31 -48 -35 -52 0
-18 -31 -52 -54 0
-18 -48 -43 -55 0
-39 -48 -43 -52 0
-18 -39 -52 -55 0
-24 -39 -36 -45 0
-31 -39 -36 -44 0
-24 -31 -44 -45 0
-24 -48 -36 -54 0
-31 -48 -36 -53 0
-24 -31 -53 -54 0
-24 -48 -44 -55 0
-39 -48 -44 -53 0
-24 -39 -53 -55 0
-31 -48 -45 -55 0
-39 -48 -45 -54 0
-31 -39 -54 -55 0
-10 -19 -15 -21 0
-14 -19 -15 -20 0
-10 -14 -20 -21 0
-10 -25 -15 -27 0
-14 -25 -15 -26 0
-10 -14 -26 -27 0
-10 -32 -15 -34 0
-14 -32 -15 -33 0
-10 -14 -33 -34 0
-10 -40 -15 -42 0
-14 -40 -15 -41 0
-10 -14 -41 -42 0
-10 -49 -15 -51 0
-14 -49 -15 -50 0
-10 -14 -50 -51 0
-10 -25 -20 -28 0
-19 -25 -20 -26 0
-10 -19 -26 -28 0
-10 -32 -20 -35 0
-19 -32 -20 -33 0
-10 -19 -33 -35 0
-10 -40 -20 -43 0
-19 -40 -20 -41 0
-10 -19 -41 -43 0
-10 -49 -20 -52 0
-19 -49 -20 -50 0
-10 -19 -50 -52 0
-10 -32 -26 -36 0
-25 -32 -26 -33 0
-10 -25 -33 -36 0
-10 -40 -26 -44 0
-25 -40 -26 -41 0
-10 -25 -41 -44 0
-10 -49 -26 -53 0
-25 -49 -26 -50 0
-10 -25 -50 -53 0
-10 -40 -33 -45 0
-32 -40 -33 -41 0
-10 -32 -41 -45 0
-10 -49 -33 -54 0
-32 -49 -33 -50 0
-10 -32 -50 -54 0
-10 -49 -41 -55 0
-40 -49 -41 -50 0
-10 -40 -50 -55 0
-14 -25 -21 -28 0
-19 -25 -21 -27 0
-14 -19 -27 -28 0
-14 -32 -21 -35 0
-19 -32 -21 -34 0
-14 -19 -34 -35 0
-14 -40 -21 -43 0
-19 -40 -21 -42 0
-14 -19 -42 -43 0
-14 -49 -21 -52 0
-19 -49 -21 -51 0
-14 -19 -51 -52 0
-14 -32 -27 -36 0
-25 -32 -27 -34 0
-14 -25 -34 -36 0
-14 -40 -27 -44 0
-25 -40 -27 -42 0
-14 -25 -42 -44 0
-14 -49 -27 -53 0
-25 -49 -27 -51 0
-14 -25 -51 -53 0
-14 -40 -34 -45 0
-32 -40 -34 -42 0
-14 -32 -42 -45 0
-14 -49 -34 -54 0
-32 -49 -34 -51 0
-14 -32 -51 -54 0
-14 -49 -42 -55 0
-40 -49 -42 -51 0
-14 -40 -51 -55 0
-19 -32 -28 -36 0
-25 -32 -28 -35 0
-19 -25 -35 -36 0
-19 -40 -28 -44 0
-25 -40 -28 -43 0
-19 -25 -43 -44 0
-19 -49 -28 -53 0
-25 -49 -28 -52 0
-19 -25 -52 -53 0
-19 -40 -35 -45 0
-32 -40 -35 -43 0
-19 -32 -43 -45 0
-19 -49 -35 -54 0
-32 -49 -35 -52 0
-19 -32 -52 -54 0
-19 -49 -43 -55 0
-40 -49 -43 -52 0
-19 -40 -52 -55 0
-25 -40 -36 -45 0
-32 -40 -36 -44 0
-25 -32 -44 -45 0
-25 -49 -36 -54 0
-32 -49 -36 -53 0
-25 -32 -53 -54 0
-25 -49 -44 -55 0
-40 -49 -44 -53 0
-25 -40 -53 -55 0
-32 -49 -45 -55 0
-40 -49 -45 -54 0
-32 -40 -54 -55 0
-15 -26 -21 -28 0
-20 -26 -21 -27 0
-15 -20 -27 -28 0
-15 -33 -21 -35 0
-20 -33 -21 -34 0
-15 -20 -34 -35 0
-15 -41 -21 -43 0
-20 -41 -21 -42 0
-15 -20 -42 -43 0
-15 -50 -21 -52 0
-20 -50 -21 -51 0
-15 -20 -51 -52 0
-15 -33 -27 -36 0
-26 -33 -27 -34 0
-15 -26 -34 -36 0
-15 -41 -27 -44 0
-26 -41 -27 -42 0
-15 -26 -42 -44 0
-15 -50 -27 -53 0
-26 -50 -27 -51 0
-15 -26 -51 -53 0
-15 -41 -34 -45 0
-33 -41 -34 -42 0
-15 -33 -42 -45 0
-15 -50 -34 -54 0
-33 -50 -34 -51 0
-15 -33 -51 -54 0
-15 -50 -42 -55 0
-41 -50 -42 -51 0
-15 -41 -51 -55 0
-20 -33 -28 -36 0
-26 -33 -28 -35 0
-20 -26 -35 -36 0
-20 -41 -28 -44 0
-26 -41 -28 -43 0
-20 -26 -43 -44 0
-20 -50 -28 -53 0
-26 -50 -28 -52 0
-20 -26 -52 -53 0
-20 -41 -35 -45 0
-33 -41 -35 -43 0
-20 -33 -43 -45 0
-20 -50 -35 -54 0
-33 -50 -35 -52 0
-20 -33 -52 -54 0
-20 -50 -43 -55 0
-41 -50 -43 -52 0
-20 -41 -52 -55 0
-26 -41 -36 -45 0
-33 -41 -36 -44 0
-26 -33 -44 -45 0
-26 -50 -36 -54 0
-33 -50 -36 -53 0
-26 -33 -53 -54 0
-26 -50 -44 -55 0
-41 -50 -44 -53 0
-26 -41 -53 -55 0
-33 -50 -45 -55 0
-41 -50 -45 -54 0
-33 -41 -54 -55 0
-21 -34 -28 -36 0
-27 -34 -28 -35 0
-21 -27 -35 -36 0
-21 -42 -28 -44 0
-27 -42 -28 -43 0
-21 -27 -43 -44 0
-21 -51 -28 -53 0
-27 -51 -28 -52 0
-21 -27 -52 -53 0
-21 -42 -35 -45 0
-34 -42 -35 -43 0
-21 -34 -43 -45 0
-21 -51 -35 -54 0
-34 -51 -35 -52 0
-21 -34 -52 -54 0
-21 -51 -43 -55 0
-42 -51 -43 -52 0
-21 -42 -52 -55 0
-27 -42 -36 -45 0
-34 -42 -36 -44 0
-27 -34 -44 -45 0
-27 -51 -36 -54 0
-34 -51 -36 -53 0
-27 -34 -53 -54 0
-27 -51 -44 -55 0
-42 -51 -44 -53 0
-27 -42 -53 -55 0
-34 -51 -45 -55 0
-42 -51 -45 -54 0
-34 -42 -54 -55 0
-28 -43 -36 -45 0
-35 -43 -36 -44 0
-28 -35 -44 -45 0
-28 -52 -36 -54 0
-35 -52 -36 -53 0
-28 -35 -53 -54 0
-28 -52 -44 -55 0
-43 -52 -44 -53 0
-28 -43 -53 -55 0
-35 -52 -45 -55 0
-43 -52 -45 -54 0
-35 -43 -54 -55 0
-36 -53 -45 -55 0
-44 -53 -45 -54 0
-36 -44 -54 -55 0
-2 3 0
-2 221 0
3 221 0
-221 -4 5 0
-221 -4 222 0
-221 5 222 0
-222 8 -7 0
-222 -7 223 0
-222 8 223 0
-223 12 -11 0
-223 224 -11 0
-223 224 12 0
-224 -16 17 0
-224 -16 225 0
-224 17 225 0
-225 -22 23 0
-225 -22 226 0
-225 226 23 0
-226 -29 30 0
-226 -29 227 0
-226 227 30 0
-227 -37 38 0
-227 -37 228 0
-227 228 38 0
-228 -46 47 0
-1 3 0
-1 229 0
3 229 0
-229 -4 6 0
-229 -4 230 0
-229 6 230 0
-230 -7 9 0
-230 -7 231 0
-230 9 231 0
-231 13 -11 0
-231 232 -11 0
-231 232 13 0
-232 -16 18 0
-232 -16 233 0
-232 233 18 0
-233 24 -22 0
-233 -22 234 0
-233 24 234 0
-234 -29 31 0
-234 -29 235 0
-234 235 31 0
-235 -37 39 0
-235 -37 236 0
-235 236 39 0
-236 48 -46 0
-1 2 0
-1 237 0
2 237 0
-237 -5 6 0
-237 -5 238 0
-237 6 238 0
-238 -8 9 0
-238 -8 239 0
-238 9 239 0
-239 -12 13 0
-239 240 -12 0
-239 240 13 0
-240 18 -17 0
-240 241 -17 0
-240 241 18 0
-241 24 -23 0
-241 -23 242 0
-241 24 242 0
-242 -30 31 0
-242 -30 243 0
-242 243 31 0
-243 -38 39 0
-243 -38 244 0
-243 244 39 0
-244 48 -47 0
-1 5 0
-1 245 0
245 5 0
-245 -2 6 0
-245 -2 246 0
-245 6 246 0
-246 -7 10 0
-246 -7 247 0
-246 10 247 0
-247 -11 14 0
-247 248 -11 0
-247 248 14 0
-248 -16 19 0
-248 -16 249 0
-248 249 19 0
-249 25 -22 0
-249 -22 250 0
-249 25 250 0
-250 32 -29 0
-250 -29 251 0
-250 32 251 0
-251 40 -37 0
-251 -37 252 0
-251 40 252 0
-252 49 -46 0
-1 4 0
-1 253 0
4 253 0
-253 -3 6 0
-253 -3 254 0
-253 6 254 0
-254 -8 10 0
-254 -8 255 0
-254 10 255 0
-255 -12 14 0
-255 256 -12 0
-255 256 14 0
-256 19 -17 0
-256 257 -17 0
-256 257 19 0
-257 -23 25 0
-257 -23 258 0
-257 25 258 0
-258 32 -30 0
-258 -30 259 0
-258 32 259 0
-259 40 -38 0
-259 -38 260 0
-259 40 260 0
-260 -47 49 0
-2 4 0
-2 261 0
4 261 0
-261 5 -3 0
-261 -3 262 0
-261 5 262 0
-262 10 -9 0
-262 263 -9 0
-262 10 263 0
-263 -13 14 0
-263 264 -13 0
-263 264 14 0
-264 19 -18 0
-264 265 -18 0
-264 265 19 0
-265 -24 25 0
-265 -24 266 0
-265 25 266 0
-266 32 -31 0
-266 -31 267 0
-266 32 267 0
-267 40 -39 0
-267 -39 268 0
-267 40 268 0
-268 -48 49 0
-1 8 0
-1 269 0
8 269 0
-269 9 -2 0
-269 -2 270 0
-269 9 270 0
-270 10 -4 0
-270 -4 271 0
-270 10 271 0
-271 -11 15 0
-271 272 -11 0
-271 272 15 0
-272 -16 20 0
-272 -16 273 0
-272 273 20 0
-273 -22 26 0
-273 -22 274 0
-273 26 274 0
-274 33 -29 0
-274 275 -29 0
-274 33 275 0
-275 41 -37 0
-275 -37 276 0
-275 41 276 0
-276 -46 50 0
-1 7 0
-1 277 0
277 7 0
-277 9 -3 0
-277 -3 278 0
-277 9 278 0
-278 10 -5 0
-278 -5 279 0
-278 10 279 0
-279 -12 15 0
-279 280 -12 0
-279 280 15 0
-280 20 -17 0
-280 281 -17 0
-280 281 20 0
-281 -23 26 0
-281 -23 282 0
-281 26 282 0
-282 33 -30 0
-282 -30 283 0
-282 33 283 0
-283 41 -38 0
-283 -38 284 0
-283 41 284 0
-284 -47 50 0
-2 7 0
-2 285 0
285 7 0
-285 8 -3 0
-285 -3 286 0
-285 8 286 0
-286 -6 10 0
-286 -6 287 0
-286 10 287 0
-287 -13 15 0
-287 288 -13 0
-287 288 15 0
-288 20 -18 0
-288 289 -18 0
-288 289 20 0
-289 -24 26 0
-289 -24 290 0
-289 26 290 0
-290 -31 33 0
-290 -31 291 0
-290 33 291 0
-291 -39 41 0
-291 -39 292 0
-291 41 292 0
-292 -48 50 0
-4 7 0
-4 293 0
293 7 0
-293 8 -5 0
-293 -5 294 0
-293 8 294 0
-294 9 -6 0
-294 -6 295 0
-294 9 295 0
-295 -14 15 0
-295 296 -14 0
-295 296 15 0
-296 20 -19 0
-296 297 -19 0
-296 297 20 0
-297 26 -25 0
-297 298 -25 0
-297 26 298 0
-298 -32 33 0
-298 -32 299 0
-298 33 299 0
-299 -40 41 0
-299 -40 300 0
-299 41 300 0
-300 50 -49 0
-1 12 0
-1 301 0
12 301 0
-301 13 -2 0
-301 302 -2 0
-301 13 302 0
-302 -4 14 0
-302 -4 303 0
-302 14 303 0
-303 -7 15 0
-303 304 -7 0
-303 304 15 0
-304 -16 21 0
-304 -16 305 0
-304 305 21 0
-305 -22 27 0
-305 -22 306 0
-305 306 27 0
-306 34 -29 0
-306 307 -29 0
-306 34 307 0
-307 42 -37 0
-307 -37 308 0
-307 42 308 0
-308 -46 51 0
-1 11 0
-1 309 0
11 309 0
-309 13 -3 0
-309 -3 310 0
-309 13 310 0
-310 -5 14 0
-310 -5 311 0
-310 14 311 0
-311 -8 15 0
-311 -8 312 0
-311 312 15 0
-312 21 -17 0
-312 313 -17 0
-312 313 21 0
-313 -23 27 0
-313 -23 314 0
-313 314 27 0
-314 -30 34 0
-314 -30 315 0
-314 34 315 0
-315 -38 42 0
-315 -38 316 0
-315 42 316 0
-316 -47 51 0
-2 11 0
-2 317 0
11 317 0
-317 12 -3 0
-317 -3 318 0
-317 12 318 0
-318 -6 14 0
-318 -6 319 0
-318 14 319 0
-319 15 -9 0
-319 320 -9 0
-319 320 15 0
-320 21 -18 0
-320 321 -18 0
-320 321 21 0
-321 -24 27 0
-321 -24 322 0
-321 322 27 0
-322 -31 34 0
-322 -31 323 0
-322 34 323 0
-323 -39 42 0
-323 -39 324 0
-323 42 324 0
-324 -48 51 0
-4 11 0
-4 325 0
11 325 0
-325 -5 12 0
-325 -5 326 0
-325 12 326 0
-326 -6 13 0
-326 -6 327 0
-326 13 327 0
-327 -10 15 0
-327 328 -10 0
-327 328 15 0
-328 21 -19 0
-328 329 -19 0
-328 329 21 0
-329 27 -25 0
-329 330 -25 0
-329 330 27 0
-330 -32 34 0
-330 -32 331 0
-330 34 331 0
-331 -40 42 0
-331 -40 332 0
-331 42 332 0
-332 51 -49 0
-7 11 0
-7 333 0
11 333 0
-333 -8 12 0
-333 -8 334 0
-333 12 334 0
-334 13 -9 0
-334 335 -9 0
-334 13 335 0
-335 -10 14 0
-335 336 -10 0
-335 336 14 0
-336 -20 21 0
-336 337 -20 0
-336 337 21 0
-337 27 -26 0
-337 338 -26 0
-337 338 27 0
-338 34 -33 0
-338 339 -33 0
-338 34 339 0
-339 42 -41 0
-339 340 -41 0
-339 42 340 0
-340 51 -50 0
-1 17 0
-1 341 0
17 341 0
-341 18 -2 0
-341 342 -2 0
-341 18 342 0
-342 19 -4 0
-342 -4 343 0
-342 19 343 0
-343 -7 20 0
-343 344 -7 0
-343 344 20 0
-344 21 -11 0
-344 345 -11 0
-344 345 21 0
-345 -22 28 0
-345 -22 346 0
-345 346 28 0
-346 35 -29 0
-346 347 -29 0
-346 347 35 0
-347 43 -37 0
-347 -37 348 0
-347 43 348 0
-348 -46 52 0
-1 16 0
-1 349 0
16 349 0
-349 18 -3 0
-349 -3 350 0
-349 18 350 0
-350 19 -5 0
-350 -5 351 0
-350 19 351 0
-351 -8 20 0
-351 -8 352 0
-351 352 20 0
-352 -12 21 0
-352 353 -12 0
-352 353 21 0
-353 -23 28 0
-353 -23 354 0
-353 354 28 0
-354 -30 35 0
-354 -30 355 0
-354 355 35 0
-355 -38 43 0
-355 -38 356 0
-355 43 356 0
-356 -47 52 0
-2 16 0
-2 357 0
16 357 0
-357 17 -3 0
-357 -3 358 0
-357 17 358 0
-358 -6 19 0
-358 -6 359 0
-358 19 359 0
-359 20 -9 0
-359 360 -9 0
-359 360 20 0
-360 -13 21 0
-360 361 -13 0
-360 361 21 0
-361 -24 28 0
-361 -24 362 0
-361 362 28 0
-362 -31 35 0
-362 -31 363 0
-362 363 35 0
-363 -39 43 0
-363 -39 364 0
-363 43 364 0
-364 -48 52 0
-4 16 0
-4 365 0
16 365 0
-365 17 -5 0
-365 -5 366 0
-365 17 366 0
-366 -6 18 0
-366 -6 367 0
-366 18 367 0
-367 20 -10 0
-367 368 -10 0
-367 368 20 0
-368 -14 21 0
-368 369 -14 0
-368 369 21 0
-369 28 -25 0
-369 370 -25 0
-369 370 28 0
-370 -32 35 0
-370 -32 371 0
-370 371 35 0
-371 -40 43 0
-371 -40 372 0
-371 43 372 0
-372 52 -49 0
-7 16 0
-7 373 0
16 373 0
-373 -8 17 0
-373 -8 374 0
-373 17 374 0
-374 18 -9 0
-374 375 -9 0
-374 18 375 0
-375 19 -10 0
-375 376 -10 0
-375 376 19 0
-376 -15 21 0
-376 -15 377 0
-376 377 21 0
-377 28 -26 0
-377 378 -26 0
-377 378 28 0
-378 35 -33 0
-378 379 -33 0
-378 379 35 0
-379 43 -41 0
-379 380 -41 0
-379 43 380 0
-380 52 -50 0
-11 16 0
-11 381 0
16 381 0
-381 17 -12 0
-381 -12 382 0
-381 17 382 0
-382 18 -13 0
-382 -13 383 0
-382 18 383 0
-383 -14 19 0
-383 384 -14 0
-383 384 19 0
-384 -15 20 0
-384 -15 385 0
-384 385 20 0
-385 28 -27 0
-385 386 -27 0
-385 386 28 0
-386 35 -34 0
-386 387 -34 0
-386 35 387 0
-387 43 -42 0
-387 388 -42 0
-387 43 388 0
-388 52 -51 0
-1 23 0
-1 389 0
389 23 0
-389 24 -2 0
-389 390 -2 0
-389 24 390 0
-390 25 -4 0
-390 -4 391 0
-390 25 391 0
-391 -7 26 0
-391 392 -7 0
-391 392 26 0
-392 27 -11 0
-392 393 -11 0
-392 393 27 0
-393 -16 28 0
-393 -16 394 0
-393 394 28 0
-394 -29 36 0
-394 -29 395 0
-394 395 36 0
-395 -37 44 0
-395 -37 396 0
-395 396 44 0
-396 -46 53 0
-1 22 0
-1 397 0
397 22 0
-397 24 -3 0
-397 -3 398 0
-397 24 398 0
-398 25 -5 0
-398 -5 399 0
-398 25 399 0
-399 -8 26 0
-399 -8 400 0
-399 400 26 0
-400 27 -12 0
-400 401 -12 0
-400 401 27 0
-401 28 -17 0
-401 402 -17 0
-401 402 28 0
-402 -30 36 0
-402 -30 403 0
-402 403 36 0
-403 -38 44 0
-403 -38 404 0
-403 404 44 0
-404 -47 53 0
-2 22 0
-2 405 0
405 22 0
-405 -3 23 0
-405 -3 406 0
-405 406 23 0
-406 25 -6 0
-406 -6 407 0
-406 25 407 0
-407 26 -9 0
-407 408 -9 0
-407 408 26 0
-408 27 -13 0
-408 409 -13 0
-408 409 27 0
-409 28 -18 0
-409 410 -18 0
-409 410 28 0
-410 -31 36 0
-410 -31 411 0
-410 411 36 0
-411 -39 44 0
-411 -39 412 0
-411 412 44 0
-412 -48 53 0
-4 22 0
-4 413 0
413 22 0
-413 -5 23 0
-413 -5 414 0
-413 414 23 0
-414 24 -6 0
-414 -6 415 0
-414 24 415 0
-415 26 -10 0
-415 416 -10 0
-415 416 26 0
-416 -14 27 0
-416 417 -14 0
-416 417 27 0
-417 28 -19 0
-417 418 -19 0
-417 418 28 0
-418 -32 36 0
-418 -32 419 0
-418 419 36 0
-419 -40 44 0
-419 -40 420 0
-419 420 44 0
-420 53 -49 0
-7 22 0
-7 421 0
421 22 0
-421 -8 23 0
-421 -8 422 0
-421 422 23 0
-422 24 -9 0
-422 423 -9 0
-422 24 423 0
-423 25 -10 0
-423 424 -10 0
-423 424 25 0
-424 -15 27 0
-424 -15 425 0
-424 425 27 0
-425 -20 28 0
-425 426 -20 0
-425 426 28 0
-426 36 -33 0
-426 427 -33 0
-426 427 36 0
-427 44 -41 0
-427 428 -41 0
-427 428 44 0
-428 53 -50 0
-11 22 0
-11 429 0
429 22 0
-429 -12 23 0
-429 -12 430 0
-429 430 23 0
-430 24 -13 0
-430 -13 431 0
-430 24 431 0
-431 25 -14 0
-431 432 -14 0
-431 432 25 0
-432 -15 26 0
-432 -15 433 0
-432 433 26 0
-433 -21 28 0
-433 434 -21 0
-433 434 28 0
-434 36 -34 0
-434 435 -34 0
-434 435 36 0
-435 44 -42 0
-435 436 -42 0
-435 436 44 0
-436 53 -51 0
-16 22 0
-16 437 0
437 22 0
-437 23 -17 0
-437 438 -17 0
-437 438 23 0
-438 24 -18 0
-438 -18 439 0
-438 24 439 0
-439 25 -19 0
-439 440 -19 0
-439 440 25 0
-440 26 -20 0
-440 441 -20 0
-440 441 26 0
-441 27 -21 0
-441 442 -21 0
-441 442 27 0
-442 36 -35 0
-442 443 -35 0
-442 443 36 0
-443 44 -43 0
-443 444 -43 0
-443 444 44 0
-444 -52 53 0
-1 30 0
-1 445 0
445 30 0
-445 -2 31 0
-445 446 -2 0
-445 446 31 0
-446 32 -4 0
-446 -4 447 0
-446 32 447 0
-447 -7 33 0
-447 448 -7 0
-447 448 33 0
-448 34 -11 0
-448 449 -11 0
-448 449 34 0
-449 -16 35 0
-449 -16 450 0
-449 450 35 0
-450 -22 36 0
-450 -22 451 0
-450 451 36 0
-451 -37 45 0
-451 -37 452 0
-451 452 45 0
-452 -46 54 0
-1 29 0
-1 453 0
453 29 0
-453 -3 31 0
-453 -3 454 0
-453 454 31 0
-454 32 -5 0
-454 -5 455 0
-454 32 455 0
-455 -8 33 0
-455 -8 456 0
-455 456 33 0
-456 34 -12 0
-456 457 -12 0
-456 457 34 0
-457 35 -17 0
-457 458 -17 0
-457 458 35 0
-458 -23 36 0
-458 -23 459 0
-458 459 36 0
-459 -38 45 0
-459 -38 460 0
-459 460 45 0
-460 -47 54 0
-2 29 0
-2 461 0
461 29 0
-461 -3 30 0
-461 -3 462 0
-461 462 30 0
-462 32 -6 0
-462 -6 463 0
-462 32 463 0
-463 33 -9 0
-463 464 -9 0
-463 464 33 0
-464 34 -13 0
-464 465 -13 0
-464 465 34 0
-465 35 -18 0
-465 466 -18 0
-465 466 35 0
-466 -24 36 0
-466 -24 467 0
-466 467 36 0
-467 -39 45 0
-467 -39 468 0
-467 468 45 0
-468 -48 54 0
-4 29 0
-4 469 0
469 29 0
-469 -5 30 0
-469 -5 470 0
-469 470 30 0
-470 -6 31 0
-470 -6 471 0
-470 471 31 0
-471 33 -10 0
-471 472 -10 0
-471 472 33 0
-472 -14 34 0
-472 473 -14 0
-472 473 34 0
-473 35 -19 0
-473 474 -19 0
-473 474 35 0
-474 36 -25 0
-474 475 -25 0
-474 475 36 0
-475 -40 45 0
-475 -40 476 0
-475 476 45 0
-476 54 -49 0
-7 29 0
-7 477 0
477 29 0
-477 -8 30 0
-477 -8 478 0
-477 478 30 0
-478 31 -9 0
-478 479 -9 0
-478 479 31 0
-479 32 -10 0
-479 480 -10 0
-479 32 480 0
-480 -15 34 0
-480 -15 481 0
-480 481 34 0
-481 35 -20 0
-481 482 -20 0
-481 482 35 0
-482 36 -26 0
-482 483 -26 0
-482 483 36 0
-483 45 -41 0
-483 484 -41 0
-483 484 45 0
-484 54 -50 0
-11 29 0
-11 485 0
485 29 0
-485 -12 30 0
-485 -12 486 0
-485 30 486 0
-486 -13 31 0
-486 -13 487 0
-486 487 31 0
-487 32 -14 0
-487 488 -14 0
-487 32 488 0
-488 -15 33 0
-488 -15 489 0
-488 33 489 0
-489 35 -21 0
-489 490 -21 0
-489 490 35 0
-490 36 -27 0
-490 491 -27 0
-490 491 36 0
-491 45 -42 0
-491 492 -42 0
-491 492 45 0
-492 -51 54 0
-16 29 0
-16 493 0
493 29 0
-493 30 -17 0
-493 494 -17 0
-493 30 494 0
-494 -18 31 0
-494 -18 495 0
-494 495 31 0
-495 32 -19 0
-495 496 -19 0
-495 32 496 0
-496 33 -20 0
-496 497 -20 0
-496 33 497 0
-497 34 -21 0
-497 498 -21 0
-497 34 498 0
-498 -28 36 0
-498 499 -28 0
-498 499 36 0
-499 45 -43 0
-499 500 -43 0
-499 500 45 0
-500 -52 54 0
-22 29 0
-22 501 0
501 29 0
-501 -23 30 0
-501 -23 502 0
-501 30 502 0
-502 -24 31 0
-502 -24 503 0
-502 503 31 0
-503 32 -25 0
-503 504 -25 0
-503 32 504 0
-504 33 -26 0
-504 505 -26 0
-504 33 505 0
-505 34 -27 0
-505 506 -27 0
-505 34 506 0
-506 35 -28 0
-506 507 -28 0
-506 35 507 0
-507 -44 45 0
-507 -44 508 0
-507 508 45 0
-508 -53 54 0
-1 38 0
-1 509 0
509 38 0
-509 -2 39 0
-509 -2 510 0
-509 510 39 0
-510 40 -4 0
-510 -4 511 0
-510 40 511 0
-511 -7 41 0
-511 512 -7 0
-511 512 41 0
-512 42 -11 0
-512 513 -11 0
-512 513 42 0
-513 -16 43 0
-513 -16 514 0
-513 514 43 0
-514 -22 44 0
-514 -22 515 0
-514 515 44 0
-515 -29 45 0
-515 -29 516 0
-515 516 45 0
-516 -46 55 0
-1 37 0
-1 517 0
517 37 0
-517 -3 39 0
-517 -3 518 0
-517 518 39 0
-518 40 -5 0
-518 -5 519 0
-518 40 519 0
-519 -8 41 0
-519 -8 520 0
-519 520 41 0
-520 42 -12 0
-520 521 -12 0
-520 521 42 0
-521 43 -17 0
-521 522 -17 0
-521 522 43 0
-522 -23 44 0
-522 -23 523 0
-522 523 44 0
-523 -30 45 0
-523 -30 524 0
-523 524 45 0
-524 -47 55 0
-2 37 0
-2 525 0
525 37 0
-525 -3 38 0
-525 -3 526 0
-525 38 526 0
-526 40 -6 0
-526 -6 527 0
-526 40 527 0
-527 41 -9 0
-527 528 -9 0
-527 528 41 0
-528 42 -13 0
-528 529 -13 0
-528 529 42 0
-529 43 -18 0
-529 530 -18 0
-529 530 43 0
-530 -24 44 0
-530 -24 531 0
-530 531 44 0
-531 -31 45 0
-531 -31 532 0
-531 532 45 0
-532 -48 55 0
-4 37 0
-4 533 0
533 37 0
-533 -5 38 0
-533 -5 534 0
-533 38 534 0
-534 -6 39 0
-534 -6 535 0
-534 535 39 0
-535 41 -10 0
-535 536 -10 0
-535 536 41 0
-536 -14 42 0
-536 537 -14 0
-536 537 42 0
-537 43 -19 0
-537 538 -19 0
-537 538 43 0
-538 44 -25 0
-538 539 -25 0
-538 539 44 0
-539 -32 45 0
-539 -32 540 0
-539 540 45 0
-540 55 -49 0
-7 37 0
-7 541 0
541 37 0
-541 -8 38 0
-541 -8 542 0
-541 38 542 0
-542 39 -9 0
-542 543 -9 0
-542 543 39 0
-543 40 -10 0
-543 544 -10 0
-543 40 544 0
-544 -15 42 0
-544 -15 545 0
-544 545 42 0
-545 43 -20 0
-545 546 -20 0
-545 546 43 0
-546 44 -26 0
-546 547 -26 0
-546 547 44 0
-547 45 -33 0
-547 548 -33 0
-547 548 45 0
-548 -50 55 0
-11 37 0
-11 549 0
549 37 0
-549 -12 38 0
-549 -12 550 0
-549 550 38 0
-550 -13 39 0
-550 -13 551 0
-550 551 39 0
-551 40 -14 0
-551 552 -14 0
-551 40 552 0
-552 -15 41 0
-552 -15 553 0
-552 41 553 0
-553 43 -21 0
-553 554 -21 0
-553 554 43 0
-554 44 -27 0
-554 555 -27 0
-554 555 44 0
-555 45 -34 0
-555 556 -34 0
-555 556 45 0
-556 -51 55 0
-16 37 0
-16 557 0
557 37 0
-557 38 -17 0
-557 558 -17 0
-557 558 38 0
-558 -18 39 0
-558 -18 559 0
-558 559 39 0
-559 40 -19 0
-559 560 -19 0
-559 40 560 0
-560 41 -20 0
-560 561 -20 0
-560 41 561 0
-561 42 -21 0
-561 562 -21 0
-561 42 562 0
-562 -28 44 0
-562 563 -28 0
-562 563 44 0
-563 45 -35 0
-563 564 -35 0
-563 564 45 0
-564 -52 55 0
-22 37 0
-22 565 0
565 37 0
-565 -23 38 0
-565 -23 566 0
-565 566 38 0
-566 -24 39 0
-566 -24 567 0
-566 567 39 0
-567 40 -25 0
-567 568 -25 0
-567 40 568 0
-568 41 -26 0
-568 569 -26 0
-568 41 569 0
-569 42 -27 0
-569 570 -27 0
-569 42 570 0
-570 43 -28 0
-570 571 -28 0
-570 571 43 0
-571 -36 45 0
-571 -36 572 0
-571 572 45 0
-572 -53 55 0
-29 37 0
-29 573 0
573 37 0
-573 -30 38 0
-573 -30 574 0
-573 574 38 0
-574 -31 39 0
-574 -31 575 0
-574 575 39 0
-575 -32 40 0
-575 -32 576 0
-575 40 576 0
-576 41 -33 0
-576 577 -33 0
-576 577 41 0
-577 42 -34 0
-577 578 -34 0
-577 42 578 0
-578 43 -35 0
-578 579 -35 0
-578 579 43 0
-579 -36 44 0
-579 -36 580 0
-579 44 580 0
-580 -54 55 0
-1 47 0
-1 581 0
581 47 0
-581 48 -2 0
-581 582 -2 0
-581 48 582 0
-582 49 -4 0
-582 -4 583 0
-582 49 583 0
-583 -7 50 0
-583 584 -7 0
-583 584 50 0
-584 51 -11 0
-584 585 -11 0
-584 585 51 0
-585 -16 52 0
-585 -16 586 0
-585 586 52 0
-586 -22 53 0
-586 -22 587 0
-586 587 53 0
-587 -29 54 0
-587 -29 588 0
-587 588 54 0
-588 -37 55 0
-1 46 0
-1 589 0
589 46 0
-589 48 -3 0
-589 -3 590 0
-589 48 590 0
-590 49 -5 0
-590 -5 591 0
-590 49 591 0
-591 -8 50 0
-591 -8 592 0
-591 592 50 0
-592 51 -12 0
-592 593 -12 0
-592 593 51 0
-593 52 -17 0
-593 594 -17 0
-593 594 52 0
-594 -23 53 0
-594 -23 595 0
-594 595 53 0
-595 -30 54 0
-595 -30 596 0
-595 596 54 0
-596 -38 55 0
-2 46 0
-2 597 0
597 46 0
-597 -3 47 0
-597 -3 598 0
-597 598 47 0
-598 49 -6 0
-598 -6 599 0
-598 49 599 0
-599 50 -9 0
-599 600 -9 0
-599 600 50 0
-600 51 -13 0
-600 601 -13 0
-600 601 51 0
-601 52 -18 0
-601 602 -18 0
-601 602 52 0
-602 -24 53 0
-602 -24 603 0
-602 603 53 0
-603 -31 54 0
-603 -31 604 0
-603 604 54 0
-604 -39 55 0
-4 46 0
-4 605 0
605 46 0
-605 -5 47 0
-605 -5 606 0
-605 606 47 0
-606 48 -6 0
-606 -6 607 0
-606 48 607 0
-607 50 -10 0
-607 608 -10 0
-607 608 50 0
-608 -14 51 0
-608 609 -14 0
-608 609 51 0
-609 52 -19 0
-609 610 -19 0
-609 610 52 0
-610 53 -25 0
-610 611 -25 0
-610 611 53 0
-611 -32 54 0
-611 -32 612 0
-611 612 54 0
-612 -40 55 0
-7 46 0
-7 613 0
613 46 0
-613 -8 47 0
-613 -8 614 0
-613 614 47 0
-614 48 -9 0
-614 615 -9 0
-614 48 615 0
-615 49 -10 0
-615 616 -10 0
-615 616 49 0
-616 -15 51 0
-616 -15 617 0
-616 617 51 0
-617 -20 52 0
-617 618 -20 0
-617 618 52 0
-618 53 -26 0
-618 619 -26 0
-618 619 53 0
-619 54 -33 0
-619 620 -33 0
-619 620 54 0
-620 55 -41 0
-11 46 0
-11 621 0
621 46 0
-621 -12 47 0
-621 -12 622 0
-621 622 47 0
-622 48 -13 0
-622 -13 623 0
-622 48 623 0
-623 49 -14 0
-623 624 -14 0
-623 624 49 0
-624 -15 50 0
-624 -15 625 0
-624 625 50 0
-625 -21 52 0
-625 626 -21 0
-625 626 52 0
-626 53 -27 0
-626 627 -27 0
-626 627 53 0
-627 54 -34 0
-627 628 -34 0
-627 628 54 0
-628 -42 55 0
-16 46 0
-16 629 0
629 46 0
-629 47 -17 0
-629 630 -17 0
-629 630 47 0
-630 48 -18 0
-630 -18 631 0
-630 48 631 0
-631 49 -19 0
-631 632 -19 0
-631 632 49 0
-632 50 -20 0
-632 633 -20 0
-632 633 50 0
-633 51 -21 0
-633 634 -21 0
-633 634 51 0
-634 -28 53 0
-634 635 -28 0
-634 635 53 0
-635 -35 54 0
-635 636 -35 0
-635 636 54 0
-636 -43 55 0
-22 46 0
-22 637 0
637 46 0
-637 -23 47 0
-637 -23 638 0
-637 638 47 0
-638 -24 48 0
-638 -24 639 0
-638 48 639 0
-639 49 -25 0
-639 640 -25 0
-639 640 49 0
-640 50 -26 0
-640 641 -26 0
-640 641 50 0
-641 51 -27 0
-641 642 -27 0
-641 642 51 0
-642 -28 52 0
-642 643 -28 0
-642 643 52 0
-643 -36 54 0
-643 644 -36 0
-643 644 54 0
-644 -44 55 0
-29 46 0
-29 645 0
645 46 0
-645 -30 47 0
-645 -30 646 0
-645 646 47 0
-646 48 -31 0
-646 -31 647 0
-646 48 647 0
-647 -32 49 0
-647 -32 648 0
-647 648 49 0
-648 50 -33 0
-648 649 -33 0
-648 649 50 0
-649 51 -34 0
-649 650 -34 0
-649 650 51 0
-650 52 -35 0
-650 651 -35 0
-650 651 52 0
-651 -36 53 0
-651 652 -36 0
-651 652 53 0
-652 -45 55 0
-37 46 0
-37 653 0
653 46 0
-653 -38 47 0
-653 -38 654 0
-653 654 47 0
-654 48 -39 0
-654 -39 655 0
-654 48 655 0
-655 -40 49 0
-655 -40 656 0
-655 656 49 0
-656 50 -41 0
-656 657 -41 0
-656 657 50 0
-657 51 -42 0
-657 658 -42 0
-657 658 51 0
-658 52 -43 0
-658 659 -43 0
-658 659 52 0
-659 -44 53 0
-659 660 -44 0
-659 660 53 0
-660 -45 54 0
