p cnf 3120 4807
-1 -4 -3 -6 0
-2 -4 -3 -5 0
-1 -2 -5 -6 0
-1 -7 -3 -9 0
-2 -7 -3 -8 0
-1 -2 -8 -9 0
-1 -11 -3 -13 0
-2 -11 -3 -12 0
-1 -2 -12 -13 0
-1 -16 -3 -18 0
-2 -16 -3 -17 0
-1 -2 -17 -18 0
-1 -22 -3 -24 0
-2 -22 -3 -23 0
-1 -2 -23 -24 0
-1 -29 -3 -31 0
-2 -29 -3 -30 0
-1 -2 -30 -31 0
-1 -37 -3 -39 0
-2 -37 -3 -38 0
-1 -2 -38 -39 0
-1 -46 -3 -48 0
-2 -46 -3 -47 0
-1 -2 -47 -48 0
-1 -7 -5 -10 0
-4 -7 -5 -8 0
-1 -4 -8 -10 0
-1 -11 -5 -14 0
-4 -11 -5 -12 0
-1 -4 -12 -14 0
-1 -16 -5 -19 0
-4 -16 -5 -17 0
-1 -4 -17 -19 0
-1 -22 -5 -25 0
-4 -22 -5 -23 0
-1 -4 -23 -25 0
-1 -29 -5 -32 0
-4 -29 -5 -30 0
-1 -4 -30 -32 0
-1 -37 -5 -40 0
-4 -37 -5 -38 0
-1 -4 -38 -40 0
-1 -46 -5 -49 0
-4 -46 -5 -47 0
-1 -4 -47 -49 0
-1 -11 -8 -15 0
-7 -11 -8 -12 0
-1 -7 -12 -15 0
-1 -16 -8 -20 0
-7 -16 -8 -17 0
-1 -7 -17 -20 0
-1 -22 -8 -26 0
-7 -22 -8 -23 0
-1 -7 -23 -26 0
-1 -29 -8 -33 0
-7 -29 -8 -30 0
-1 -7 -30 -33 0
-1 -37 -8 -41 0
-7 -37 -8 -38 0
-1 -7 -38 -41 0
-1 -46 -8 -50 0
-7 -46 -8 -47 0
-1 -7 -47 -50 0
-1 -16 -12 -21 0
-11 -16 -12 -17 0
-1 -11 -17 -21 0
-1 -22 -12 -27 0
-11 -22 -12 -23 0
-1 -11 -23 -27 0
-1 -29 -12 -34 0
-11 -29 -12 -30 0
-1 -11 -30 -34 0
-1 -37 -12 -42 0
-11 -37 -12 -38 0
-1 -11 -38 -42 0
-1 -46 -12 -51 0
-11 -46 -12 -47 0
-1 -11 -47 -51 0
-1 -22 -17 -28 0
-16 -22 -17 -23 0
-1 -16 -23 -28 0
-1 -29 -17 -35 0
-16 -29 -17 -30 0
-1 -16 -30 -35 0
-1 -37 -17 -43 0
-16 -37 -17 -38 0
-1 -16 -38 -43 0
-1 -46 -17 -52 0
-16 -46 -17 -47 0
-1 -16 -47 -52 0
-1 -29 -23 -36 0
-22 -29 -23 -30 0
-1 -22 -30 -36 0
-1 -37 -23 -44 0
-22 -37 -23 -38 0
-1 -22 -38 -44 0
-1 -46 -23 -53 0
-22 -46 -23 -47 0
-1 -22 -47 -53 0
-1 -37 -30 -45 0
-29 -37 -30 -38 0
-1 -29 -38 -45 0
-1 -46 -30 -54 0
-29 -46 -30 -47 0
-1 -29 -47 -54 0
-1 -46 -38 -55 0
-37 -46 -38 -47 0
-1 -37 -47 -55 0
-2 -7 -6 -10 0
-4 -7 -6 -9 0
-2 -4 -9 -10 0
-2 -11 -6 -14 0
-4 -11 -6 -13 0
-2 -4 -13 -14 0
-2 -16 -6 -19 0
-4 -16 -6 -18 0
-2 -4 -18 -19 0
-2 -22 -6 -25 0
-4 -22 -6 -24 0
-2 -4 -24 -25 0
-2 -29 -6 -32 0
-4 -29 -6 -31 0
-2 -4 -31 -32 0
-2 -37 -6 -40 0
-4 -37 -6 -39 0
-2 -4 -39 -40 0
-2 -46 -6 -49 0
-4 -46 -6 -48 0
-2 -4 -48 -49 0
-2 -11 -9 -15 0
-7 -11 -9 -13 0
-2 -7 -13 -15 0
-2 -16 -9 -20 0
-7 -16 -9 -18 0
-2 -7 -18 -20 0
-2 -22 -9 -26 0
-7 -22 -9 -24 0
-2 -7 -24 -26 0
-2 -29 -9 -33 0
-7 -29 -9 -31 0
-2 -7 -31 -33 0
-2 -37 -9 -41 0
-7 -37 -9 -39 0
-2 -7 -39 -41 0
-2 -46 -9 -50 0
-7 -46 -9 -48 0
-2 -7 -48 -50 0
-2 -16 -13 -21 0
-11 -16 -13 -18 0
-2 -11 -18 -21 0
-2 -22 -13 -27 0
-11 -22 -13 -24 0
-2 -11 -24 -27 0
-2 -29 -13 -34 0
-11 -29 -13 -31 0
-2 -11 -31 -34 0
-2 -37 -13 -42 0
-11 -37 -13 -39 0
-2 -11 -39 -42 0
-2 -46 -13 -51 0
-11 -46 -13 -48 0
-2 -11 -48 -51 0
-2 -22 -18 -28 0
-16 -22 -18 -24 0
-2 -16 -24 -28 0
-2 -29 -18 -35 0
-16 -29 -18 -31 0
-2 -16 -31 -35 0
-2 -37 -18 -43 0
-16 -37 -18 -39 0
-2 -16 -39 -43 0
-2 -46 -18 -52 0
-16 -46 -18 -48 0
-2 -16 -48 -52 0
-2 -29 -24 -36 0
-22 -29 -24 -31 0
-2 -22 -31 -36 0
-2 -37 -24 -44 0
-22 -37 -24 -39 0
-2 -22 -39 -44 0
-2 -46 -24 -53 0
-22 -46 -24 -48 0
-2 -22 -48 -53 0
-2 -37 -31 -45 0
-29 -37 -31 -39 0
-2 -29 -39 -45 0
-2 -46 -31 -54 0
-29 -46 -31 -48 0
-2 -29 -48 -54 0
-2 -46 -39 -55 0
-37 -46 -39 -48 0
-2 -37 -48 -55 0
-4 -11 -10 -15 0
-7 -11 -10 -14 0
-4 -7 -14 -15 0
-4 -16 -10 -20 0
-7 -16 -10 -19 0
-4 -7 -19 -20 0
-4 -22 -10 -26 0
-7 -22 -10 -25 0
-4 -7 -25 -26 0
-4 -29 -10 -33 0
-7 -29 -10 -32 0
-4 -7 -32 -33 0
-4 -37 -10 -41 0
-7 -37 -10 -40 0
-4 -7 -40 -41 0
-4 -46 -10 -50 0
-7 -46 -10 -49 0
-4 -7 -49 -50 0
-4 -16 -14 -21 0
-11 -16 -14 -19 0
-4 -11 -19 -21 0
-4 -22 -14 -27 0
-11 -22 -14 -25 0
-4 -11 -25 -27 0
-4 -29 -14 -34 0
-11 -29 -14 -32 0
-4 -11 -32 -34 0
-4 -37 -14 -42 0
-11 -37 -14 -40 0
-4 -11 -40 -42 0
-4 -46 -14 -51 0
-11 -46 -14 -49 0
-4 -11 -49 -51 0
-4 -22 -19 -28 0
-16 -22 -19 -25 0
-4 -16 -25 -28 0
-4 -29 -19 -35 0
-16 -29 -19 -32 0
-4 -16 -32 -35 0
-4 -37 -19 -43 0
-16 -37 -19 -40 0
-4 -16 -40 -43 0
-4 -46 -19 -52 0
-16 -46 -19 -49 0
-4 -16 -49 -52 0
-4 -29 -25 -36 0
-22 -29 -25 -32 0
-4 -22 -32 -36 0
-4 -37 -25 -44 0
-22 -37 -25 -40 0
-4 -22 -40 -44 0
-4 -46 -25 -53 0
-22 -46 -25 -49 0
-4 -22 -49 -53 0
-4 -37 -32 -45 0
-29 -37 -32 -40 0
-4 -29 -40 -45 0
-4 -46 -32 -54 0
-29 -46 -32 -49 0
-4 -29 -49 -54 0
-4 -46 -40 -55 0
-37 -46 -40 -49 0
-4 -37 -49 -55 0
-7 -16 -15 -21 0
-11 -16 -15 -20 0
-7 -11 -20 -21 0
-7 -22 -15 -27 0
-11 -22 -15 -26 0
-7 -11 -26 -27 0
-7 -29 -15 -34 0
-11 -29 -15 -33 0
-7 -11 -33 -34 0
-7 -37 -15 -42 0
-11 -37 -15 -41 0
-7 -11 -41 -42 0
-7 -46 -15 -51 0
-11 -46 -15 -50 0
-7 -11 -50 -51 0
-7 -22 -20 -28 0
-16 -22 -20 -26 0
-7 -16 -26 -28 0
-7 -29 -20 -35 0
-16 -29 -20 -33 0
-7 -16 -33 -35 0
-7 -37 -20 -43 0
-16 -37 -20 -41 0
-7 -16 -41 -43 0
-7 -46 -20 -52 0
-16 -46 -20 -50 0
-7 -16 -50 -52 0
-7 -29 -26 -36 0
-22 -29 -26 -33 0
-7 -22 -33 -36 0
-7 -37 -26 -44 0
-22 -37 -26 -41 0
-7 -22 -41 -44 0
-7 -46 -26 -53 0
-22 -46 -26 -50 0
-7 -22 -50 -53 0
-7 -37 -33 -45 0
-29 -37 -33 -41 0
-7 -29 -41 -45 0
-7 -46 -33 -54 0
-29 -46 -33 -50 0
-7 -29 -50 -54 0
-7 -46 -41 -55 0
-37 -46 -41 -50 0
-7 -37 -50 -55 0
-11 -22 -21 -28 0
-16 -22 -21 -27 0
-11 -16 -27 -28 0
-11 -29 -21 -35 0
-16 -29 -21 -34 0
-11 -16 -34 -35 0
-11 -37 -21 -43 0
-16 -37 -21 -42 0
-11 -16 -42 -43 0
-11 -46 -21 -52 0
-16 -46 -21 -51 0
-11 -16 -51 -52 0
-11 -29 -27 -36 0
-22 -29 -27 -34 0
-11 -22 -34 -36 0
-11 -37 -27 -44 0
-22 -37 -27 -42 0
-11 -22 -42 -44 0
-11 -46 -27 -53 0
-22 -46 -27 -51 0
-11 -22 -51 -53 0
-11 -37 -34 -45 0
-29 -37 -34 -42 0
-11 -29 -42 -45 0
-11 -46 -34 -54 0
-29 -46 -34 -51 0
-11 -29 -51 -54 0
-11 -46 -42 -55 0
-37 -46 -42 -51 0
-11 -37 -51 -55 0
-16 -29 -28 -36 0
-22 -29 -28 -35 0
-16 -22 -35 -36 0
-16 -37 -28 -44 0
-22 -37 -28 -43 0
-16 -22 -43 -44 0
-16 -46 -28 -53 0
-22 -46 -28 -52 0
-16 -22 -52 -53 0
-16 -37 -35 -45 0
-29 -37 -35 -43 0
-16 -29 -43 -45 0
-16 -46 -35 -54 0
-29 -46 -35 -52 0
-16 -29 -52 -54 0
-16 -46 -43 -55 0
-37 -46 -43 -52 0
-16 -37 -52 -55 0
-22 -37 -36 -45 0
-29 -37 -36 -44 0
-22 -29 -44 -45 0
-22 -46 -36 -54 0
-29 -46 -36 -53 0
-22 -29 -53 -54 0
-22 -46 -44 -55 0
-37 -46 -44 -53 0
-22 -37 -53 -55 0
-29 -46 -45 -55 0
-37 -46 -45 -54 0
-29 -37 -54 -55 0
-3 -8 -6 -10 0
-5 -8 -6 -9 0
-3 -5 -9 -10 0
-3 -12 -6 -14 0
-5 -12 -6 -13 0
-3 -5 -13 -14 0
-3 -17 -6 -19 0
-5 -17 -6 -18 0
-3 -5 -18 -19 0
-3 -23 -6 -25 0
-5 -23 -6 -24 0
-3 -5 -24 -25 0
-3 -30 -6 -32 0
-5 -30 -6 -31 0
-3 -5 -31 -32 0
-3 -38 -6 -40 0
-5 -38 -6 -39 0
-3 -5 -39 -40 0
-3 -47 -6 -49 0
-5 -47 -6 -48 0
-3 -5 -48 -49 0
-3 -12 -9 -15 0
-8 -12 -9 -13 0
-3 -8 -13 -15 0
-3 -17 -9 -20 0
-8 -17 -9 -18 0
-3 -8 -18 -20 0
-3 -23 -9 -26 0
-8 -23 -9 -24 0
-3 -8 -24 -26 0
-3 -30 -9 -33 0
-8 -30 -9 -31 0
-3 -8 -31 -33 0
-3 -38 -9 -41 0
-8 -38 -9 -39 0
-3 -8 -39 -41 0
-3 -47 -9 -50 0
-8 -47 -9 -48 0
-3 -8 -48 -50 0
-3 -17 -13 -21 0
-12 -17 -13 -18 0
-3 -12 -18 -21 0
-3 -23 -13 -27 0
-12 -23 -13 -24 0
-3 -12 -24 -27 0
-3 -30 -13 -34 0
-12 -30 -13 -31 0
-3 -12 -31 -34 0
-3 -38 -13 -42 0
-12 -38 -13 -39 0
-3 -12 -39 -42 0
-3 -47 -13 -51 0
-12 -47 -13 -48 0
-3 -12 -48 -51 0
-3 -23 -18 -28 0
-17 -23 -18 -24 0
-3 -17 -24 -28 0
-3 -30 -18 -35 0
-17 -30 -18 -31 0
-3 -17 -31 -35 0
-3 -38 -18 -43 0
-17 -38 -18 -39 0
-3 -17 -39 -43 0
-3 -47 -18 -52 0
-17 -47 -18 -48 0
-3 -17 -48 -52 0
-3 -30 -24 -36 0
-23 -30 -24 -31 0
-3 -23 -31 -36 0
-3 -38 -24 -44 0
-23 -38 -24 -39 0
-3 -23 -39 -44 0
-3 -47 -24 -53 0
-23 -47 -24 -48 0
-3 -23 -48 -53 0
-3 -38 -31 -45 0
-30 -38 -31 -39 0
-3 -30 -39 -45 0
-3 -47 -31 -54 0
-30 -47 -31 -48 0
-3 -30 -48 -54 0
-3 -47 -39 -55 0
-38 -47 -39 -48 0
-3 -38 -48 -55 0
-5 -12 -10 -15 0
-8 -12 -10 -14 0
-5 -8 -14 -15 0
-5 -17 -10 -20 0
-8 -17 -10 -19 0
-5 -8 -19 -20 0
-5 -23 -10 -26 0
-8 -23 -10 -25 0
-5 -8 -25 -26 0
-5 -30 -10 -33 0
-8 -30 -10 -32 0
-5 -8 -32 -33 0
-5 -38 -10 -41 0
-8 -38 -10 -40 0
-5 -8 -40 -41 0
-5 -47 -10 -50 0
-8 -47 -10 -49 0
-5 -8 -49 -50 0
-5 -17 -14 -21 0
-12 -17 -14 -19 0
-5 -12 -19 -21 0
-5 -23 -14 -27 0
-12 -23 -14 -25 0
-5 -12 -25 -27 0
-5 -30 -14 -34 0
-12 -30 -14 -32 0
-5 -12 -32 -34 0
-5 -38 -14 -42 0
-12 -38 -14 -40 0
-5 -12 -40 -42 0
-5 -47 -14 -51 0
-12 -47 -14 -49 0
-5 -12 -49 -51 0
-5 -23 -19 -28 0
-17 -23 -19 -25 0
-5 -17 -25 -28 0
-5 -30 -19 -35 0
-17 -30 -19 -32 0
-5 -17 -32 -35 0
-5 -38 -19 -43 0
-17 -38 -19 -40 0
-5 -17 -40 -43 0
-5 -47 -19 -52 0
-17 -47 -19 -49 0
-5 -17 -49 -52 0
-5 -30 -25 -36 0
-23 -30 -25 -32 0
-5 -23 -32 -36 0
-5 -38 -25 -44 0
-23 -38 -25 -40 0
-5 -23 -40 -44 0
-5 -47 -25 -53 0
-23 -47 -25 -49 0
-5 -23 -49 -53 0
-5 -38 -32 -45 0
-30 -38 -32 -40 0
-5 -30 -40 -45 0
-5 -47 -32 -54 0
-30 -47 -32 -49 0
-5 -30 -49 -54 0
-5 -47 -40 -55 0
-38 -47 -40 -49 0
-5 -38 -49 -55 0
-8 -17 -15 -21 0
-12 -17 -15 -20 0
-8 -12 -20 -21 0
-8 -23 -15 -27 0
-12 -23 -15 -26 0
-8 -12 -26 -27 0
-8 -30 -15 -34 0
-12 -30 -15 -33 0
-8 -12 -33 -34 0
-8 -38 -15 -42 0
-12 -38 -15 -41 0
-8 -12 -41 -42 0
-8 -47 -15 -51 0
-12 -47 -15 -50 0
-8 -12 -50 -51 0
-8 -23 -20 -28 0
-17 -23 -20 -26 0
-8 -17 -26 -28 0
-8 -30 -20 -35 0
-17 -30 -20 -33 0
-8 -17 -33 -35 0
-8 -38 -20 -43 0
-17 -38 -20 -41 0
-8 -17 -41 -43 0
-8 -47 -20 -52 0
-17 -47 -20 -50 0
-8 -17 -50 -52 0
-8 -30 -26 -36 0
-23 -30 -26 -33 0
-8 -23 -33 -36 0
-8 -38 -26 -44 0
-23 -38 -26 -41 0
-8 -23 -41 -44 0
-8 -47 -26 -53 0
-23 -47 -26 -50 0
-8 -23 -50 -53 0
-8 -38 -33 -45 0
-30 -38 -33 -41 0
-8 -30 -41 -45 0
-8 -47 -33 -54 0
-30 -47 -33 -50 0
-8 -30 -50 -54 0
-8 -47 -41 -55 0
-38 -47 -41 -50 0
-8 -38 -50 -55 0
-12 -23 -21 -28 0
-17 -23 -21 -27 0
-12 -17 -27 -28 0
-12 -30 -21 -35 0
-17 -30 -21 -34 0
-12 -17 -34 -35 0
-12 -38 -21 -43 0
-17 -38 -21 -42 0
-12 -17 -42 -43 0
-12 -47 -21 -52 0
-17 -47 -21 -51 0
-12 -17 -51 -52 0
-12 -30 -27 -36 0
-23 -30 -27 -34 0
-12 -23 -34 -36 0
-12 -38 -27 -44 0
-23 -38 -27 -42 0
-12 -23 -42 -44 0
-12 -47 -27 -53 0
-23 -47 -27 -51 0
-12 -23 -51 -53 0
-12 -38 -34 -45 0
-30 -38 -34 -42 0
-12 -30 -42 -45 0
-12 -47 -34 -54 0
-30 -47 -34 -51 0
-12 -30 -51 -54 0
-12 -47 -42 -55 0
-38 -47 -42 -51 0
-12 -38 -51 -55 0
-17 -30 -28 -36 0
-23 -30 -28 -35 0
-17 -23 -35 -36 0
-17 -38 -28 -44 0
-23 -38 -28 -43 0
-17 -23 -43 -44 0
-17 -47 -28 -53 0
-23 -47 -28 -52 0
-17 -23 -52 -53 0
-17 -38 -35 -45 0
-30 -38 -35 -43 0
-17 -30 -43 -45 0
-17 -47 -35 -54 0
-30 -47 -35 -52 0
-17 -30 -52 -54 0
-17 -47 -43 -55 0
-38 -47 -43 -52 0
-17 -38 -52 -55 0
-23 -38 -36 -45 0
-30 -38 -36 -44 0
-23 -30 -44 -45 0
-23 -47 -36 -54 0
-30 -47 -36 -53 0
-23 -30 -53 -54 0
-23 -47 -44 -55 0
-38 -47 -44 -53 0
-23 -38 -53 -55 0
-30 -47 -45 -55 0
-38 -47 -45 -54 0
-30 -38 -54 -55 0
-6 -13 -10 -15 0
-9 -13 -10 -14 0
-6 -9 -14 -15 0
-6 -18 -10 -20 0
-9 -18 -10 -19 0
-6 -9 -19 -20 0
-6 -24 -10 -26 0
-9 -24 -10 -25 0
-6 -9 -25 -26 0
-6 -31 -10 -33 0
-9 -31 -10 -32 0
-6 -9 -32 -33 0
-6 -39 -10 -41 0
-9 -39 -10 -40 0
-6 -9 -40 -41 0
-6 -48 -10 -50 0
-9 -48 -10 -49 0
-6 -9 -49 -50 0
-6 -18 -14 -21 0
-13 -18 -14 -19 0
-6 -13 -19 -21 0
-6 -24 -14 -27 0
-13 -24 -14 -25 0
-6 -13 -25 -27 0
-6 -31 -14 -34 0
-13 -31 -14 -32 0
-6 -13 -32 -34 0
-6 -39 -14 -42 0
-13 -39 -14 -40 0
-6 -13 -40 -42 0
-6 -48 -14 -51 0
-13 -48 -14 -49 0
-6 -13 -49 -51 0
-6 -24 -19 -28 0
-18 -24 -19 -25 0
-6 -18 -25 -28 0
-6 -31 -19 -35 0
-18 -31 -19 -32 0
-6 -18 -32 -35 0
-6 -39 -19 -43 0
-18 -39 -19 -40 0
-6 -18 -40 -43 0
-6 -48 -19 -52 0
-18 -48 -19 -49 0
-6 -18 -49 -52 0
-6 -31 -25 -36 0
-24 -31 -25 -32 0
-6 -24 -32 -36 0
-6 -39 -25 -44 0
-24 -39 -25 -40 0
-6 -24 -40 -44 0
-6 -48 -25 -53 0
-24 -48 -25 -49 0
-6 -24 -49 -53 0
-6 -39 -32 -45 0
-31 -39 -32 -40 0
-6 -31 -40 -45 0
-6 -48 -32 -54 0
-31 -48 -32 -49 0
-6 -31 -49 -54 0
-6 -48 -40 -55 0
-39 -48 -40 -49 0
-6 -39 -49 -55 0
-9 -18 -15 -21 0
-13 -18 -15 -20 0
-9 -13 -20 -21 0
-9 -24 -15 -27 0
-13 -24 -15 -26 0
-9 -13 -26 -27 0
-9 -31 -15 -34 0
-13 -31 -15 -33 0
-9 -13 -33 -34 0
-9 -39 -15 -42 0
-13 -39 -15 -41 0
-9 -13 -41 -42 0
-9 -48 -15 -51 0
-13 -48 -15 -50 0
-9 -13 -50 -51 0
-9 -24 -20 -28 0
-18 -24 -20 -26 0
-9 -18 -26 -28 0
-9 -31 -20 -35 0
-18 -31 -20 -33 0
-9 -18 -33 -35 0
-9 -39 -20 -43 0
-18 -39 -20 -41 0
-9 -18 -41 -43 0
-9 -48 -20 -52 0
-18 -48 -20 -50 0
-9 -18 -50 -52 0
-9 -31 -26 -36 0
-24 -31 -26 -33 0
-9 -24 -33 -36 0
-9 -39 -26 -44 0
-24 -39 -26 -41 0
-9 -24 -41 -44 0
-9 -48 -26 -53 0
-24 -48 -26 -50 0
-9 -24 -50 -53 0
-9 -39 -33 -45 0
-31 -39 -33 -41 0
-9 -31 -41 -45 0
-9 -48 -33 -54 0
-31 -48 -33 -50 0
-9 -31 -50 -54 0
-9 -48 -41 -55 0
-39 -48 -41 -50 0
-9 -39 -50 -55 0
-13 -24 -21 -28 0
-18 -24 -21 -27 0
-13 -18 -27 -28 0
-13 -31 -21 -35 0
-18 -31 -21 -34 0
-13 -18 -34 -35 0
-13 -39 -21 -43 0
-18 -39 -21 -42 0
-13 -18 -42 -43 0
-13 -48 -21 -52 0
-18 -48 -21 -51 0
-13 -18 -51 -52 0
-13 -31 -27 -36 0
-24 -31 -27 -34 0
-13 -24 -34 -36 0
-13 -39 -27 -44 0
-24 -39 -27 -42 0
-13 -24 -42 -44 0
-13 -48 -27 -53 0
-24 -48 -27 -51 0
-13 -24 -51 -53 0
-13 -39 -34 -45 0
-31 -39 -34 -42 0
-13 -31 -42 -45 0
-13 -48 -34 -54 0
-31 -48 -34 -51 0
-13 -31 -51 -54 0
-13 -48 -42 -55 0
-39 -48 -42 -51 0
-13 -39 -51 -55 0
-18 -31 -28 -36 0
-24 -31 -28 -35 0
-18 -24 -35 -36 0
-18 -39 -28 -44 0
-24 -39 -28 -43 0
-18 -24 -43 -44 0
-18 -48 -28 -53 0
-24 -48 -28 -52 0
-18 -24 -52 -53 0
-18 -39 -35 -45 0
-31 -39 -35 -43 0
-18 -31 -43 -45 0
-18 -48 -35 -54 0
-31 -48 -35 -52 0
-18 -31 -52 -54 0
-18 -48 -43 -55 0
-39 -48 -43 -52 0
-18 -39 -52 -55 0
-24 -39 -36 -45 0
-31 -39 -36 -44 0
-24 -31 -44 -45 0
-24 -48 -36 -54 0
-31 -48 -36 -53 0
-24 -31 -53 -54 0
-24 -48 -44 -55 0
-39 -48 -44 -53 0
-24 -39 -53 -55 0
-31 -48 -45 -55 0
-39 -48 -45 -54 0
-31 -39 -54 -55 0
-10 -19 -15 -21 0
-14 -19 -15 -20 0
-10 -14 -20 -21 0
-10 -25 -15 -27 0
-14 -25 -15 -26 0
-10 -14 -26 -27 0
-10 -32 -15 -34 0
-14 -32 -15 -33 0
-10 -14 -33 -34 0
-10 -40 -15 -42 0
-14 -40 -15 -41 0
-10 -14 -41 -42 0
-10 -49 -15 -51 0
-14 -49 -15 -50 0
-10 -14 -50 -51 0
-10 -25 -20 -28 0
-19 -25 -20 -26 0
-10 -19 -26 -28 0
-10 -32 -20 -35 0
-19 -32 -20 -33 0
-10 -19 -33 -35 0
-10 -40 -20 -43 0
-19 -40 -20 -41 0
-10 -19 -41 -43 0
-10 -49 -20 -52 0
-19 -49 -20 -50 0
-10 -19 -50 -52 0
-10 -32 -26 -36 0
-25 -32 -26 -33 0
-10 -25 -33 -36 0
-10 -40 -26 -44 0
-25 -40 -26 -41 0
-10 -25 -41 -44 0
-10 -49 -26 -53 0
-25 -49 -26 -50 0
-10 -25 -50 -53 0
-10 -40 -33 -45 0
-32 -40 -33 -41 0
-10 -32 -41 -45 0
-10 -49 -33 -54 0
-32 -49 -33 -50 0
-10 -32 -50 -54 0
-10 -49 -41 -55 0
-40 -49 -41 -50 0
-10 -40 -50 -55 0
-14 -25 -21 -28 0
-19 -25 -21 -27 0
-14 -19 -27 -28 0
-14 -32 -21 -35 0
-19 -32 -21 -34 0
-14 -19 -34 -35 0
-14 -40 -21 -43 0
-19 -40 -21 -42 0
-14 -19 -42 -43 0
-14 -49 -21 -52 0
-19 -49 -21 -51 0
-14 -19 -51 -52 0
-14 -32 -27 -36 0
-25 -32 -27 -34 0
-14 -25 -34 -36 0
-14 -40 -27 -44 0
-25 -40 -27 -42 0
-14 -25 -42 -44 0
-14 -49 -27 -53 0
-25 -49 -27 -51 0
-14 -25 -51 -53 0
-14 -40 -34 -45 0
-32 -40 -34 -42 0
-14 -32 -42 -45 0
-14 -49 -34 -54 0
-32 -49 -34 -51 0
-14 -32 -51 -54 0
-14 -49 -42 -55 0
-40 -49 -42 -51 0
-14 -40 -51 -55 0
-19 -32 -28 -36 0
-25 -32 -28 -35 0
-19 -25 -35 -36 0
-19 -40 -28 -44 0
-25 -40 -28 -43 0
-19 -25 -43 -44 0
-19 -49 -28 -53 0
-25 -49 -28 -52 0
-19 -25 -52 -53 0
-19 -40 -35 -45 0
-32 -40 -35 -43 0
-19 -32 -43 -45 0
-19 -49 -35 -54 0
-32 -49 -35 -52 0
-19 -32 -52 -54 0
-19 -49 -43 -55 0
-40 -49 -43 -52 0
-19 -40 -52 -55 0
-25 -40 -36 -45 0
-32 -40 -36 -44 0
-25 -32 -44 -45 0
-25 -49 -36 -54 0
-32 -49 -36 -53 0
-25 -32 -53 -54 0
-25 -49 -44 -55 0
-40 -49 -44 -53 0
-25 -40 -53 -55 0
-32 -49 -45 -55 0
-40 -49 -45 -54 0
-32 -40 -54 -55 0
-15 -26 -21 -28 0
-20 -26 -21 -27 0
-15 -20 -27 -28 0
-15 -33 -21 -35 0
-20 -33 -21 -34 0
-15 -20 -34 -35 0
-15 -41 -21 -43 0
-20 -41 -21 -42 0
-15 -20 -42 -43 0
-15 -50 -21 -52 0
-20 -50 -21 -51 0
-15 -20 -51 -52 0
-15 -33 -27 -36 0
-26 -33 -27 -34 0
-15 -26 -34 -36 0
-15 -41 -27 -44 0
-26 -41 -27 -42 0
-15 -26 -42 -44 0
-15 -50 -27 -53 0
-26 -50 -27 -51 0
-15 -26 -51 -53 0
-15 -41 -34 -45 0
-33 -41 -34 -42 0
-15 -33 -42 -45 0
-15 -50 -34 -54 0
-33 -50 -34 -51 0
-15 -33 -51 -54 0
-15 -50 -42 -55 0
-41 -50 -42 -51 0
-15 -41 -51 -55 0
-20 -33 -28 -36 0
-26 -33 -28 -35 0
-20 -26 -35 -36 0
-20 -41 -28 -44 0
-26 -41 -28 -43 0
-20 -26 -43 -44 0
-20 -50 -28 -53 0
-26 -50 -28 -52 0
-20 -26 -52 -53 0
-20 -41 -35 -45 0
-33 -41 -35 -43 0
-20 -33 -43 -45 0
-20 -50 -35 -54 0
-33 -50 -35 -52 0
-20 -33 -52 -54 0
-20 -50 -43 -55 0
-41 -50 -43 -52 0
-20 -41 -52 -55 0
-26 -41 -36 -45 0
-33 -41 -36 -44 0
-26 -33 -44 -45 0
-26 -50 -36 -54 0
-33 -50 -36 -53 0
-26 -33 -53 -54 0
-26 -50 -44 -55 0
-41 -50 -44 -53 0
-26 -41 -53 -55 0
-33 -50 -45 -55 0
-41 -50 -45 -54 0
-33 -41 -54 -55 0
-21 -34 -28 -36 0
-27 -34 -28 -35 0
-21 -27 -35 -36 0
-21 -42 -28 -44 0
-27 -42 -28 -43 0
-21 -27 -43 -44 0
-21 -51 -28 -53 0
-27 -51 -28 -52 0
-21 -27 -52 -53 0
-21 -42 -35 -45 0
-34 -42 -35 -43 0
-21 -34 -43 -45 0
-21 -51 -35 -54 0
-34 -51 -35 -52 0
-21 -34 -52 -54 0
-21 -51 -43 -55 0
-42 -51 -43 -52 0
-21 -42 -52 -55 0
-27 -42 -36 -45 0
-34 -42 -36 -44 0
-27 -34 -44 -45 0
-27 -51 -36 -54 0
-34 -51 -36 -53 0
-27 -34 -53 -54 0
-27 -51 -44 -55 0
-42 -51 -44 -53 0
-27 -42 -53 -55 0
-34 -51 -45 -55 0
-42 -51 -45 -54 0
-34 -42 -54 -55 0
-28 -43 -36 -45 0
-35 -43 -36 -44 0
-28 -35 -44 -45 0
-28 -52 -36 -54 0
-35 -52 -36 -53 0
-28 -35 -53 -54 0
-28 -52 -44 -55 0
-43 -52 -44 -53 0
-28 -43 -53 -55 0
-35 -52 -45 -55 0
-43 -52 -45 -54 0
-35 -43 -54 -55 0
-36 -53 -45 -55 0
-44 -53 -45 -54 0
-36 -44 -54 -55 0
1 -56 0
3 -56 0
2 -56 0
1 -57 0
5 -57 0
4 -57 0
1 -58 0
8 -58 0
7 -58 0
1 -59 0
12 -59 0
11 -59 0
1 -60 0
17 -60 0
16 -60 0
1 -61 0
23 -61 0
22 -61 0
1 -62 0
30 -62 0
29 -62 0
1 -63 0
38 -63 0
37 -63 0
1 -64 0
47 -64 0
46 -64 0
2 -65 0
6 -65 0
4 -65 0
2 -66 0
9 -66 0
7 -66 0
2 -67 0
13 -67 0
11 -67 0
2 -68 0
18 -68 0
16 -68 0
2 -69 0
24 -69 0
22 -69 0
2 -70 0
31 -70 0
29 -70 0
2 -71 0
39 -71 0
37 -71 0
2 -72 0
48 -72 0
46 -72 0
4 -73 0
10 -73 0
7 -73 0
4 -74 0
14 -74 0
11 -74 0
4 -75 0
19 -75 0
16 -75 0
4 -76 0
25 -76 0
22 -76 0
4 -77 0
32 -77 0
29 -77 0
4 -78 0
40 -78 0
37 -78 0
4 -79 0
49 -79 0
46 -79 0
7 -80 0
15 -80 0
11 -80 0
7 -81 0
20 -81 0
16 -81 0
7 -82 0
26 -82 0
22 -82 0
7 -83 0
33 -83 0
29 -83 0
7 -84 0
41 -84 0
37 -84 0
7 -85 0
50 -85 0
46 -85 0
11 -86 0
21 -86 0
16 -86 0
11 -87 0
27 -87 0
22 -87 0
11 -88 0
34 -88 0
29 -88 0
11 -89 0
42 -89 0
37 -89 0
11 -90 0
51 -90 0
46 -90 0
16 -91 0
28 -91 0
22 -91 0
16 -92 0
35 -92 0
29 -92 0
16 -93 0
43 -93 0
37 -93 0
16 -94 0
52 -94 0
46 -94 0
22 -95 0
36 -95 0
29 -95 0
22 -96 0
44 -96 0
37 -96 0
22 -97 0
53 -97 0
46 -97 0
29 -98 0
45 -98 0
37 -98 0
29 -99 0
54 -99 0
46 -99 0
37 -100 0
55 -100 0
46 -100 0
3 -101 0
6 -101 0
5 -101 0
3 -102 0
9 -102 0
8 -102 0
3 -103 0
13 -103 0
12 -103 0
3 -104 0
18 -104 0
17 -104 0
3 -105 0
24 -105 0
23 -105 0
3 -106 0
31 -106 0
30 -106 0
3 -107 0
39 -107 0
38 -107 0
3 -108 0
48 -108 0
47 -108 0
5 -109 0
10 -109 0
8 -109 0
5 -110 0
14 -110 0
12 -110 0
5 -111 0
19 -111 0
17 -111 0
5 -112 0
25 -112 0
23 -112 0
5 -113 0
32 -113 0
30 -113 0
5 -114 0
40 -114 0
38 -114 0
5 -115 0
49 -115 0
47 -115 0
8 -116 0
15 -116 0
12 -116 0
8 -117 0
20 -117 0
17 -117 0
8 -118 0
26 -118 0
23 -118 0
8 -119 0
33 -119 0
30 -119 0
8 -120 0
41 -120 0
38 -120 0
8 -121 0
50 -121 0
47 -121 0
12 -122 0
21 -122 0
17 -122 0
12 -123 0
27 -123 0
23 -123 0
12 -124 0
34 -124 0
30 -124 0
12 -125 0
42 -125 0
38 -125 0
12 -126 0
51 -126 0
47 -126 0
17 -127 0
28 -127 0
23 -127 0
17 -128 0
35 -128 0
30 -128 0
17 -129 0
43 -129 0
38 -129 0
17 -130 0
52 -130 0
47 -130 0
23 -131 0
36 -131 0
30 -131 0
23 -132 0
44 -132 0
38 -132 0
23 -133 0
53 -133 0
47 -133 0
30 -134 0
45 -134 0
38 -134 0
30 -135 0
54 -135 0
47 -135 0
38 -136 0
55 -136 0
47 -136 0
6 -137 0
10 -137 0
9 -137 0
6 -138 0
14 -138 0
13 -138 0
6 -139 0
19 -139 0
18 -139 0
6 -140 0
25 -140 0
24 -140 0
6 -141 0
32 -141 0
31 -141 0
6 -142 0
40 -142 0
39 -142 0
6 -143 0
49 -143 0
48 -143 0
9 -144 0
15 -144 0
13 -144 0
9 -145 0
20 -145 0
18 -145 0
9 -146 0
26 -146 0
24 -146 0
9 -147 0
33 -147 0
31 -147 0
9 -148 0
41 -148 0
39 -148 0
9 -149 0
50 -149 0
48 -149 0
13 -150 0
21 -150 0
18 -150 0
13 -151 0
27 -151 0
24 -151 0
13 -152 0
34 -152 0
31 -152 0
13 -153 0
42 -153 0
39 -153 0
13 -154 0
51 -154 0
48 -154 0
18 -155 0
28 -155 0
24 -155 0
18 -156 0
35 -156 0
31 -156 0
18 -157 0
43 -157 0
39 -157 0
18 -158 0
52 -158 0
48 -158 0
24 -159 0
36 -159 0
31 -159 0
24 -160 0
44 -160 0
39 -160 0
24 -161 0
53 -161 0
48 -161 0
31 -162 0
45 -162 0
39 -162 0
31 -163 0
54 -163 0
48 -163 0
39 -164 0
55 -164 0
48 -164 0
10 -165 0
15 -165 0
14 -165 0
10 -166 0
20 -166 0
19 -166 0
10 -167 0
26 -167 0
25 -167 0
10 -168 0
33 -168 0
32 -168 0
10 -169 0
41 -169 0
40 -169 0
10 -170 0
50 -170 0
49 -170 0
14 -171 0
21 -171 0
19 -171 0
14 -172 0
27 -172 0
25 -172 0
14 -173 0
34 -173 0
32 -173 0
14 -174 0
42 -174 0
40 -174 0
14 -175 0
51 -175 0
49 -175 0
19 -176 0
28 -176 0
25 -176 0
19 -177 0
35 -177 0
32 -177 0
19 -178 0
43 -178 0
40 -178 0
19 -179 0
52 -179 0
49 -179 0
25 -180 0
36 -180 0
32 -180 0
25 -181 0
44 -181 0
40 -181 0
25 -182 0
53 -182 0
49 -182 0
32 -183 0
45 -183 0
40 -183 0
32 -184 0
54 -184 0
49 -184 0
40 -185 0
55 -185 0
49 -185 0
15 -186 0
21 -186 0
20 -186 0
15 -187 0
27 -187 0
26 -187 0
15 -188 0
34 -188 0
33 -188 0
15 -189 0
42 -189 0
41 -189 0
15 -190 0
51 -190 0
50 -190 0
20 -191 0
28 -191 0
26 -191 0
20 -192 0
35 -192 0
33 -192 0
20 -193 0
43 -193 0
41 -193 0
20 -194 0
52 -194 0
50 -194 0
26 -195 0
36 -195 0
33 -195 0
26 -196 0
44 -196 0
41 -196 0
26 -197 0
53 -197 0
50 -197 0
33 -198 0
45 -198 0
41 -198 0
33 -199 0
54 -199 0
50 -199 0
41 -200 0
55 -200 0
50 -200 0
21 -201 0
28 -201 0
27 -201 0
21 -202 0
35 -202 0
34 -202 0
21 -203 0
43 -203 0
42 -203 0
21 -204 0
52 -204 0
51 -204 0
27 -205 0
36 -205 0
34 -205 0
27 -206 0
44 -206 0
42 -206 0
27 -207 0
53 -207 0
51 -207 0
34 -208 0
45 -208 0
42 -208 0
34 -209 0
54 -209 0
51 -209 0
42 -210 0
55 -210 0
51 -210 0
28 -211 0
36 -211 0
35 -211 0
28 -212 0
44 -212 0
43 -212 0
28 -213 0
53 -213 0
52 -213 0
35 -214 0
45 -214 0
43 -214 0
35 -215 0
54 -215 0
52 -215 0
43 -216 0
55 -216 0
52 -216 0
36 -217 0
45 -217 0
44 -217 0
36 -218 0
54 -218 0
53 -218 0
44 -219 0
55 -219 0
53 -219 0
45 -220 0
55 -220 0
54 -220 0
56 57 58 59 60 61 62 63 64 65 66 67 68 69 70 71 72 73 74 75 76 77 78 79 80 81 82 83 84 85 86 87 88 89 90 91 92 93 94 95 96 97 98 99 100 0
56 57 58 59 60 61 62 63 64 101 102 103 104 105 106 107 108 109 110 111 112 113 114 115 116 117 118 119 120 121 122 123 124 125 126 127 128 129 130 131 132 133 134 135 136 0
56 65 66 67 68 69 70 71 72 101 102 103 104 105 106 107 108 137 138 139 140 141 142 143 144 145 146 147 148 149 150 151 152 153 154 155 156 157 158 159 160 161 162 163 164 0
57 65 73 74 75 76 77 78 79 101 109 110 111 112 113 114 115 137 138 139 140 141 142 143 165 166 167 168 169 170 171 172 173 174 175 176 177 178 179 180 181 182 183 184 185 0
58 66 73 80 81 82 83 84 85 102 109 116 117 118 119 120 121 137 144 145 146 147 148 149 165 166 167 168 169 170 186 187 188 189 190 191 192 193 194 195 196 197 198 199 200 0
59 67 74 80 86 87 88 89 90 103 110 116 122 123 124 125 126 138 144 150 151 152 153 154 165 171 172 173 174 175 186 187 188 189 190 201 202 203 204 205 206 207 208 209 210 0
60 68 75 81 86 91 92 93 94 104 111 117 122 127 128 129 130 139 145 150 155 156 157 158 166 171 176 177 178 179 186 191 192 193 194 201 202 203 204 211 212 213 214 215 216 0
61 69 76 82 87 91 95 96 97 105 112 118 123 127 131 132 133 140 146 151 155 159 160 161 167 172 176 180 181 182 187 191 195 196 197 201 205 206 207 211 212 213 217 218 219 0
62 70 77 83 88 92 95 98 99 106 113 119 124 128 131 134 135 141 147 152 156 159 162 163 168 173 177 180 183 184 188 192 195 198 199 202 205 208 209 211 214 215 217 218 220 0
63 71 78 84 89 93 96 98 100 107 114 120 125 129 132 134 136 142 148 153 157 160 162 164 169 174 178 181 183 185 189 193 196 198 200 203 206 208 210 212 214 216 217 219 220 0
64 72 79 85 90 94 97 99 100 108 115 121 126 130 133 135 136 143 149 154 158 161 163 164 170 175 179 182 184 185 190 194 197 199 200 204 207 209 210 213 215 216 218 219 220 0
-221 222 0
-1 -223 222 0
-222 221 1 0
-222 221 223 0
-224 225 0
-1 -221 225 0
-225 224 1 0
-225 224 221 0
-226 227 0
-1 -224 227 0
-227 226 1 0
-227 226 224 0
-222 228 0
-2 -229 228 0
-228 222 2 0
-228 222 229 0
-225 230 0
-2 -222 230 0
-230 225 2 0
-230 225 222 0
-227 231 0
-2 -225 231 0
-231 227 2 0
-231 227 225 0
-228 232 0
-4 -233 232 0
-232 228 4 0
-232 228 233 0
-230 234 0
-4 -228 234 0
-234 230 4 0
-234 230 228 0
-231 235 0
-4 -230 235 0
-235 231 4 0
-235 231 230 0
-232 236 0
-7 -237 236 0
-236 232 7 0
-236 232 237 0
-234 238 0
-7 -232 238 0
-238 234 7 0
-238 234 232 0
-235 239 0
-7 -234 239 0
-239 235 7 0
-239 235 234 0
-236 240 0
-11 -241 240 0
-240 236 11 0
-240 236 241 0
-238 242 0
-11 -236 242 0
-242 238 11 0
-242 238 236 0
-239 243 0
-11 -238 243 0
-243 239 11 0
-243 239 238 0
-240 244 0
-16 -245 244 0
-244 240 16 0
-244 240 245 0
-242 246 0
-16 -240 246 0
-246 242 16 0
-246 242 240 0
-243 247 0
-16 -242 247 0
-247 243 16 0
-247 243 242 0
-244 248 0
-22 -249 248 0
-248 244 22 0
-248 244 249 0
-246 250 0
-22 -244 250 0
-250 246 22 0
-250 246 244 0
-247 251 0
-22 -246 251 0
-251 247 22 0
-251 247 246 0
-248 252 0
-29 -253 252 0
-252 248 29 0
-252 248 253 0
-250 254 0
-29 -248 254 0
-254 250 29 0
-254 250 248 0
-251 255 0
-29 -250 255 0
-255 251 29 0
-255 251 250 0
-252 256 0
-37 -257 256 0
-256 252 37 0
-256 252 257 0
-254 258 0
-37 -252 258 0
-258 254 37 0
-258 254 252 0
-255 259 0
-37 -254 259 0
-259 255 37 0
-259 255 254 0
-256 260 0
-46 -261 260 0
-260 256 46 0
-260 256 261 0
-258 262 0
-46 -256 262 0
-262 258 46 0
-262 258 256 0
-259 263 0
-46 -258 263 0
-263 259 46 0
-263 259 258 0
-264 265 0
-3 -266 265 0
-265 264 3 0
-265 264 266 0
-267 268 0
-3 -264 268 0
-268 267 3 0
-268 267 264 0
-269 270 0
-3 -267 270 0
-270 269 3 0
-270 269 267 0
-265 271 0
-5 -272 271 0
-271 265 5 0
-271 265 272 0
-268 273 0
-5 -265 273 0
-273 268 5 0
-273 268 265 0
-270 274 0
-5 -268 274 0
-274 270 5 0
-274 270 268 0
-271 275 0
-8 -276 275 0
-275 271 8 0
-275 271 276 0
-273 277 0
-8 -271 277 0
-277 273 8 0
-277 273 271 0
-274 278 0
-8 -273 278 0
-278 274 8 0
-278 274 273 0
-275 279 0
-12 -280 279 0
-279 275 12 0
-279 275 280 0
-277 281 0
-12 -275 281 0
-281 277 12 0
-281 277 275 0
-278 282 0
-12 -277 282 0
-282 278 12 0
-282 278 277 0
-279 283 0
-17 -284 283 0
-283 279 17 0
-283 279 284 0
-281 285 0
-17 -279 285 0
-285 281 17 0
-285 281 279 0
-282 286 0
-17 -281 286 0
-286 282 17 0
-286 282 281 0
-283 287 0
-23 -288 287 0
-287 283 23 0
-287 283 288 0
-285 289 0
-23 -283 289 0
-289 285 23 0
-289 285 283 0
-286 290 0
-23 -285 290 0
-290 286 23 0
-290 286 285 0
-287 291 0
-30 -292 291 0
-291 287 30 0
-291 287 292 0
-289 293 0
-30 -287 293 0
-293 289 30 0
-293 289 287 0
-290 294 0
-30 -289 294 0
-294 290 30 0
-294 290 289 0
-291 295 0
-38 -296 295 0
-295 291 38 0
-295 291 296 0
-293 297 0
-38 -291 297 0
-297 293 38 0
-297 293 291 0
-294 298 0
-38 -293 298 0
-298 294 38 0
-298 294 293 0
-295 299 0
-47 -300 299 0
-299 295 47 0
-299 295 300 0
-297 301 0
-47 -295 301 0
-301 297 47 0
-301 297 295 0
-298 302 0
-47 -297 302 0
-302 298 47 0
-302 298 297 0
-299 303 0
-1 -304 303 0
-303 299 1 0
-303 299 304 0
-301 305 0
-1 -299 305 0
-305 301 1 0
-305 301 299 0
-302 306 0
-1 -301 306 0
-306 302 1 0
-306 302 301 0
-307 308 0
-6 -309 308 0
-308 307 6 0
-308 307 309 0
-310 311 0
-6 -307 311 0
-311 310 6 0
-311 310 307 0
-312 313 0
-6 -310 313 0
-313 312 6 0
-313 312 310 0
-308 314 0
-9 -315 314 0
-314 308 9 0
-314 308 315 0
-311 316 0
-9 -308 316 0
-316 311 9 0
-316 311 308 0
-313 317 0
-9 -311 317 0
-317 313 9 0
-317 313 311 0
-314 318 0
-13 -319 318 0
-318 314 13 0
-318 314 319 0
-316 320 0
-13 -314 320 0
-320 316 13 0
-320 316 314 0
-317 321 0
-13 -316 321 0
-321 317 13 0
-321 317 316 0
-318 322 0
-18 -323 322 0
-322 318 18 0
-322 318 323 0
-320 324 0
-18 -318 324 0
-324 320 18 0
-324 320 318 0
-321 325 0
-18 -320 325 0
-325 321 18 0
-325 321 320 0
-322 326 0
-24 -327 326 0
-326 322 24 0
-326 322 327 0
-324 328 0
-24 -322 328 0
-328 324 24 0
-328 324 322 0
-325 329 0
-24 -324 329 0
-329 325 24 0
-329 325 324 0
-326 330 0
-31 -331 330 0
-330 326 31 0
-330 326 331 0
-328 332 0
-31 -326 332 0
-332 328 31 0
-332 328 326 0
-329 333 0
-31 -328 333 0
-333 329 31 0
-333 329 328 0
-330 334 0
-39 -335 334 0
-334 330 39 0
-334 330 335 0
-332 336 0
-39 -330 336 0
-336 332 39 0
-336 332 330 0
-333 337 0
-39 -332 337 0
-337 333 39 0
-337 333 332 0
-334 338 0
-48 -339 338 0
-338 334 48 0
-338 334 339 0
-336 340 0
-48 -334 340 0
-340 336 48 0
-340 336 334 0
-337 341 0
-48 -336 341 0
-341 337 48 0
-341 337 336 0
-338 342 0
-2 -343 342 0
-342 338 2 0
-342 338 343 0
-340 344 0
-2 -338 344 0
-344 340 2 0
-344 340 338 0
-341 345 0
-2 -340 345 0
-345 341 2 0
-345 341 340 0
-342 346 0
-3 -347 346 0
-346 342 3 0
-346 342 347 0
-344 348 0
-3 -342 348 0
-348 344 3 0
-348 344 342 0
-345 349 0
-3 -344 349 0
-349 345 3 0
-349 345 344 0
-350 351 0
-10 -352 351 0
-351 350 10 0
-351 350 352 0
-353 354 0
-10 -350 354 0
-354 353 10 0
-354 353 350 0
-355 356 0
-10 -353 356 0
-356 355 10 0
-356 355 353 0
-351 357 0
-14 -358 357 0
-357 351 14 0
-357 351 358 0
-354 359 0
-14 -351 359 0
-359 354 14 0
-359 354 351 0
-356 360 0
-14 -354 360 0
-360 356 14 0
-360 356 354 0
-357 361 0
-19 -362 361 0
-361 357 19 0
-361 357 362 0
-359 363 0
-19 -357 363 0
-363 359 19 0
-363 359 357 0
-360 364 0
-19 -359 364 0
-364 360 19 0
-364 360 359 0
-361 365 0
-25 -366 365 0
-365 361 25 0
-365 361 366 0
-363 367 0
-25 -361 367 0
-367 363 25 0
-367 363 361 0
-364 368 0
-25 -363 368 0
-368 364 25 0
-368 364 363 0
-365 369 0
-32 -370 369 0
-369 365 32 0
-369 365 370 0
-367 371 0
-32 -365 371 0
-371 367 32 0
-371 367 365 0
-368 372 0
-32 -367 372 0
-372 368 32 0
-372 368 367 0
-369 373 0
-40 -374 373 0
-373 369 40 0
-373 369 374 0
-371 375 0
-40 -369 375 0
-375 371 40 0
-375 371 369 0
-372 376 0
-40 -371 376 0
-376 372 40 0
-376 372 371 0
-373 377 0
-49 -378 377 0
-377 373 49 0
-377 373 378 0
-375 379 0
-49 -373 379 0
-379 375 49 0
-379 375 373 0
-376 380 0
-49 -375 380 0
-380 376 49 0
-380 376 375 0
-377 381 0
-4 -382 381 0
-381 377 4 0
-381 377 382 0
-379 383 0
-4 -377 383 0
-383 379 4 0
-383 379 377 0
-380 384 0
-4 -379 384 0
-384 380 4 0
-384 380 379 0
-381 385 0
-5 -386 385 0
-385 381 5 0
-385 381 386 0
-383 387 0
-5 -381 387 0
-387 383 5 0
-387 383 381 0
-384 388 0
-5 -383 388 0
-388 384 5 0
-388 384 383 0
-385 389 0
-6 -390 389 0
-389 385 6 0
-389 385 390 0
-387 391 0
-6 -385 391 0
-391 387 6 0
-391 387 385 0
-388 392 0
-6 -387 392 0
-392 388 6 0
-392 388 387 0
-393 394 0
-15 -395 394 0
-394 393 15 0
-394 393 395 0
-396 397 0
-15 -393 397 0
-397 396 15 0
-397 396 393 0
-398 399 0
-15 -396 399 0
-399 398 15 0
-399 398 396 0
-394 400 0
-20 -401 400 0
-400 394 20 0
-400 394 401 0
-397 402 0
-20 -394 402 0
-402 397 20 0
-402 397 394 0
-399 403 0
-20 -397 403 0
-403 399 20 0
-403 399 397 0
-400 404 0
-26 -405 404 0
-404 400 26 0
-404 400 405 0
-402 406 0
-26 -400 406 0
-406 402 26 0
-406 402 400 0
-403 407 0
-26 -402 407 0
-407 403 26 0
-407 403 402 0
-404 408 0
-33 -409 408 0
-408 404 33 0
-408 404 409 0
-406 410 0
-33 -404 410 0
-410 406 33 0
-410 406 404 0
-407 411 0
-33 -406 411 0
-411 407 33 0
-411 407 406 0
-408 412 0
-41 -413 412 0
-412 408 41 0
-412 408 413 0
-410 414 0
-41 -408 414 0
-414 410 41 0
-414 410 408 0
-411 415 0
-41 -410 415 0
-415 411 41 0
-415 411 410 0
-412 416 0
-50 -417 416 0
-416 412 50 0
-416 412 417 0
-414 418 0
-50 -412 418 0
-418 414 50 0
-418 414 412 0
-415 419 0
-50 -414 419 0
-419 415 50 0
-419 415 414 0
-416 420 0
-7 -421 420 0
-420 416 7 0
-420 416 421 0
-418 422 0
-7 -416 422 0
-422 418 7 0
-422 418 416 0
-419 423 0
-7 -418 423 0
-423 419 7 0
-423 419 418 0
-420 424 0
-8 -425 424 0
-424 420 8 0
-424 420 425 0
-422 426 0
-8 -420 426 0
-426 422 8 0
-426 422 420 0
-423 427 0
-8 -422 427 0
-427 423 8 0
-427 423 422 0
-424 428 0
-9 -429 428 0
-428 424 9 0
-428 424 429 0
-426 430 0
-9 -424 430 0
-430 426 9 0
-430 426 424 0
-427 431 0
-9 -426 431 0
-431 427 9 0
-431 427 426 0
-428 432 0
-10 -433 432 0
-432 428 10 0
-432 428 433 0
-430 434 0
-10 -428 434 0
-434 430 10 0
-434 430 428 0
-431 435 0
-10 -430 435 0
-435 431 10 0
-435 431 430 0
-436 437 0
-21 -438 437 0
-437 436 21 0
-437 436 438 0
-439 440 0
-21 -436 440 0
-440 439 21 0
-440 439 436 0
-441 442 0
-21 -439 442 0
-442 441 21 0
-442 441 439 0
-437 443 0
-27 -444 443 0
-443 437 27 0
-443 437 444 0
-440 445 0
-27 -437 445 0
-445 440 27 0
-445 440 437 0
-442 446 0
-27 -440 446 0
-446 442 27 0
-446 442 440 0
-443 447 0
-34 -448 447 0
-447 443 34 0
-447 443 448 0
-445 449 0
-34 -443 449 0
-449 445 34 0
-449 445 443 0
-446 450 0
-34 -445 450 0
-450 446 34 0
-450 446 445 0
-447 451 0
-42 -452 451 0
-451 447 42 0
-451 447 452 0
-449 453 0
-42 -447 453 0
-453 449 42 0
-453 449 447 0
-450 454 0
-42 -449 454 0
-454 450 42 0
-454 450 449 0
-451 455 0
-51 -456 455 0
-455 451 51 0
-455 451 456 0
-453 457 0
-51 -451 457 0
-457 453 51 0
-457 453 451 0
-454 458 0
-51 -453 458 0
-458 454 51 0
-458 454 453 0
-455 459 0
-11 -460 459 0
-459 455 11 0
-459 455 460 0
-457 461 0
-11 -455 461 0
-461 457 11 0
-461 457 455 0
-458 462 0
-11 -457 462 0
-462 458 11 0
-462 458 457 0
-459 463 0
-12 -464 463 0
-463 459 12 0
-463 459 464 0
-461 465 0
-12 -459 465 0
-465 461 12 0
-465 461 459 0
-462 466 0
-12 -461 466 0
-466 462 12 0
-466 462 461 0
-463 467 0
-13 -468 467 0
-467 463 13 0
-467 463 468 0
-465 469 0
-13 -463 469 0
-469 465 13 0
-469 465 463 0
-466 470 0
-13 -465 470 0
-470 466 13 0
-470 466 465 0
-467 471 0
-14 -472 471 0
-471 467 14 0
-471 467 472 0
-469 473 0
-14 -467 473 0
-473 469 14 0
-473 469 467 0
-470 474 0
-14 -469 474 0
-474 470 14 0
-474 470 469 0
-471 475 0
-15 -476 475 0
-475 471 15 0
-475 471 476 0
-473 477 0
-15 -471 477 0
-477 473 15 0
-477 473 471 0
-474 478 0
-15 -473 478 0
-478 474 15 0
-478 474 473 0
-479 480 0
-28 -481 480 0
-480 479 28 0
-480 479 481 0
-482 483 0
-28 -479 483 0
-483 482 28 0
-483 482 479 0
-484 485 0
-28 -482 485 0
-485 484 28 0
-485 484 482 0
-480 486 0
-35 -487 486 0
-486 480 35 0
-486 480 487 0
-483 488 0
-35 -480 488 0
-488 483 35 0
-488 483 480 0
-485 489 0
-35 -483 489 0
-489 485 35 0
-489 485 483 0
-486 490 0
-43 -491 490 0
-490 486 43 0
-490 486 491 0
-488 492 0
-43 -486 492 0
-492 488 43 0
-492 488 486 0
-489 493 0
-43 -488 493 0
-493 489 43 0
-493 489 488 0
-490 494 0
-52 -495 494 0
-494 490 52 0
-494 490 495 0
-492 496 0
-52 -490 496 0
-496 492 52 0
-496 492 490 0
-493 497 0
-52 -492 497 0
-497 493 52 0
-497 493 492 0
-494 498 0
-16 -499 498 0
-498 494 16 0
-498 494 499 0
-496 500 0
-16 -494 500 0
-500 496 16 0
-500 496 494 0
-497 501 0
-16 -496 501 0
-501 497 16 0
-501 497 496 0
-498 502 0
-17 -503 502 0
-502 498 17 0
-502 498 503 0
-500 504 0
-17 -498 504 0
-504 500 17 0
-504 500 498 0
-501 505 0
-17 -500 505 0
-505 501 17 0
-505 501 500 0
-502 506 0
-18 -507 506 0
-506 502 18 0
-506 502 507 0
-504 508 0
-18 -502 508 0
-508 504 18 0
-508 504 502 0
-505 509 0
-18 -504 509 0
-509 505 18 0
-509 505 504 0
-506 510 0
-19 -511 510 0
-510 506 19 0
-510 506 511 0
-508 512 0
-19 -506 512 0
-512 508 19 0
-512 508 506 0
-509 513 0
-19 -508 513 0
-513 509 19 0
-513 509 508 0
-510 514 0
-20 -515 514 0
-514 510 20 0
-514 510 515 0
-512 516 0
-20 -510 516 0
-516 512 20 0
-516 512 510 0
-513 517 0
-20 -512 517 0
-517 513 20 0
-517 513 512 0
-514 518 0
-21 -519 518 0
-518 514 21 0
-518 514 519 0
-516 520 0
-21 -514 520 0
-520 516 21 0
-520 516 514 0
-517 521 0
-21 -516 521 0
-521 517 21 0
-521 517 516 0
-522 523 0
-36 -524 523 0
-523 522 36 0
-523 522 524 0
-525 526 0
-36 -522 526 0
-526 525 36 0
-526 525 522 0
-527 528 0
-36 -525 528 0
-528 527 36 0
-528 527 525 0
-523 529 0
-44 -530 529 0
-529 523 44 0
-529 523 530 0
-526 531 0
-44 -523 531 0
-531 526 44 0
-531 526 523 0
-528 532 0
-44 -526 532 0
-532 528 44 0
-532 528 526 0
-529 533 0
-53 -534 533 0
-533 529 53 0
-533 529 534 0
-531 535 0
-53 -529 535 0
-535 531 53 0
-535 531 529 0
-532 536 0
-53 -531 536 0
-536 532 53 0
-536 532 531 0
-533 537 0
-22 -538 537 0
-537 533 22 0
-537 533 538 0
-535 539 0
-22 -533 539 0
-539 535 22 0
-539 535 533 0
-536 540 0
-22 -535 540 0
-540 536 22 0
-540 536 535 0
-537 541 0
-23 -542 541 0
-541 537 23 0
-541 537 542 0
-539 543 0
-23 -537 543 0
-543 539 23 0
-543 539 537 0
-540 544 0
-23 -539 544 0
-544 540 23 0
-544 540 539 0
-541 545 0
-24 -546 545 0
-545 541 24 0
-545 541 546 0
-543 547 0
-24 -541 547 0
-547 543 24 0
-547 543 541 0
-544 548 0
-24 -543 548 0
-548 544 24 0
-548 544 543 0
-545 549 0
-25 -550 549 0
-549 545 25 0
-549 545 550 0
-547 551 0
-25 -545 551 0
-551 547 25 0
-551 547 545 0
-548 552 0
-25 -547 552 0
-552 548 25 0
-552 548 547 0
-549 553 0
-26 -554 553 0
-553 549 26 0
-553 549 554 0
-551 555 0
-26 -549 555 0
-555 551 26 0
-555 551 549 0
-552 556 0
-26 -551 556 0
-556 552 26 0
-556 552 551 0
-553 557 0
-27 -558 557 0
-557 553 27 0
-557 553 558 0
-555 559 0
-27 -553 559 0
-559 555 27 0
-559 555 553 0
-556 560 0
-27 -555 560 0
-560 556 27 0
-560 556 555 0
-557 561 0
-28 -562 561 0
-561 557 28 0
-561 557 562 0
-559 563 0
-28 -557 563 0
-563 559 28 0
-563 559 557 0
-560 564 0
-28 -559 564 0
-564 560 28 0
-564 560 559 0
-565 566 0
-45 -567 566 0
-566 565 45 0
-566 565 567 0
-568 569 0
-45 -565 569 0
-569 568 45 0
-569 568 565 0
-570 571 0
-45 -568 571 0
-571 570 45 0
-571 570 568 0
-566 572 0
-54 -573 572 0
-572 566 54 0
-572 566 573 0
-569 574 0
-54 -566 574 0
-574 569 54 0
-574 569 566 0
-571 575 0
-54 -569 575 0
-575 571 54 0
-575 571 569 0
-572 576 0
-29 -577 576 0
-576 572 29 0
-576 572 577 0
-574 578 0
-29 -572 578 0
-578 574 29 0
-578 574 572 0
-575 579 0
-29 -574 579 0
-579 575 29 0
-579 575 574 0
-576 580 0
-30 -581 580 0
-580 576 30 0
-580 576 581 0
-578 582 0
-30 -576 582 0
-582 578 30 0
-582 578 576 0
-579 583 0
-30 -578 583 0
-583 579 30 0
-583 579 578 0
-580 584 0
-31 -585 584 0
-584 580 31 0
-584 580 585 0
-582 586 0
-31 -580 586 0
-586 582 31 0
-586 582 580 0
-583 587 0
-31 -582 587 0
-587 583 31 0
-587 583 582 0
-584 588 0
-32 -589 588 0
-588 584 32 0
-588 584 589 0
-586 590 0
-32 -584 590 0
-590 586 32 0
-590 586 584 0
-587 591 0
-32 -586 591 0
-591 587 32 0
-591 587 586 0
-588 592 0
-33 -593 592 0
-592 588 33 0
-592 588 593 0
-590 594 0
-33 -588 594 0
-594 590 33 0
-594 590 588 0
-591 595 0
-33 -590 595 0
-595 591 33 0
-595 591 590 0
-592 596 0
-34 -597 596 0
-596 592 34 0
-596 592 597 0
-594 598 0
-34 -592 598 0
-598 594 34 0
-598 594 592 0
-595 599 0
-34 -594 599 0
-599 595 34 0
-599 595 594 0
-596 600 0
-35 -601 600 0
-600 596 35 0
-600 596 601 0
-598 602 0
-35 -596 602 0
-602 598 35 0
-602 598 596 0
-599 603 0
-35 -598 603 0
-603 599 35 0
-603 599 598 0
-600 604 0
-36 -605 604 0
-604 600 36 0
-604 600 605 0
-602 606 0
-36 -600 606 0
-606 602 36 0
-606 602 600 0
-603 607 0
-36 -602 607 0
-607 603 36 0
-607 603 602 0
-608 609 0
-55 -610 609 0
-609 608 55 0
-609 608 610 0
-611 612 0
-55 -608 612 0
-612 611 55 0
-612 611 608 0
-613 614 0
-55 -611 614 0
-614 613 55 0
-614 613 611 0
-609 615 0
-37 -616 615 0
-615 609 37 0
-615 609 616 0
-612 617 0
-37 -609 617 0
-617 612 37 0
-617 612 609 0
-614 618 0
-37 -612 618 0
-618 614 37 0
-618 614 612 0
-615 619 0
-38 -620 619 0
-619 615 38 0
-619 615 620 0
-617 621 0
-38 -615 621 0
-621 617 38 0
-621 617 615 0
-618 622 0
-38 -617 622 0
-622 618 38 0
-622 618 617 0
-619 623 0
-39 -624 623 0
-623 619 39 0
-623 619 624 0
-621 625 0
-39 -619 625 0
-625 621 39 0
-625 621 619 0
-622 626 0
-39 -621 626 0
-626 622 39 0
-626 622 621 0
-623 627 0
-40 -628 627 0
-627 623 40 0
-627 623 628 0
-625 629 0
-40 -623 629 0
-629 625 40 0
-629 625 623 0
-626 630 0
-40 -625 630 0
-630 626 40 0
-630 626 625 0
-627 631 0
-41 -632 631 0
-631 627 41 0
-631 627 632 0
-629 633 0
-41 -627 633 0
-633 629 41 0
-633 629 627 0
-630 634 0
-41 -629 634 0
-634 630 41 0
-634 630 629 0
-631 635 0
-42 -636 635 0
-635 631 42 0
-635 631 636 0
-633 637 0
-42 -631 637 0
-637 633 42 0
-637 633 631 0
-634 638 0
-42 -633 638 0
-638 634 42 0
-638 634 633 0
-635 639 0
-43 -640 639 0
-639 635 43 0
-639 635 640 0
-637 641 0
-43 -635 641 0
-641 637 43 0
-641 637 635 0
-638 642 0
-43 -637 642 0
-642 638 43 0
-642 638 637 0
-639 643 0
-44 -644 643 0
-643 639 44 0
-643 639 644 0
-641 645 0
-44 -639 645 0
-645 641 44 0
-645 641 639 0
-642 646 0
-44 -641 646 0
-646 642 44 0
-646 642 641 0
-643 647 0
-45 -648 647 0
-647 643 45 0
-647 643 648 0
-645 649 0
-45 -643 649 0
-649 645 45 0
-649 645 643 0
-646 650 0
-45 -645 650 0
-650 646 45 0
-650 646 645 0
-651 652 0
-46 -653 652 0
-652 651 46 0
-652 651 653 0
-654 655 0
-46 -651 655 0
-655 654 46 0
-655 654 651 0
-656 657 0
-46 -654 657 0
-657 656 46 0
-657 656 654 0
-652 658 0
-47 -659 658 0
-658 652 47 0
-658 652 659 0
-655 660 0
-47 -652 660 0
-660 655 47 0
-660 655 652 0
-657 661 0
-47 -655 661 0
-661 657 47 0
-661 657 655 0
-658 662 0
-48 -663 662 0
-662 658 48 0
-662 658 663 0
-660 664 0
-48 -658 664 0
-664 660 48 0
-664 660 658 0
-661 665 0
-48 -660 665 0
-665 661 48 0
-665 661 660 0
-662 666 0
-49 -667 666 0
-666 662 49 0
-666 662 667 0
-664 668 0
-49 -662 668 0
-668 664 49 0
-668 664 662 0
-665 669 0
-49 -664 669 0
-669 665 49 0
-669 665 664 0
-666 670 0
-50 -671 670 0
-670 666 50 0
-670 666 671 0
-668 672 0
-50 -666 672 0
-672 668 50 0
-672 668 666 0
-669 673 0
-50 -668 673 0
-673 669 50 0
-673 669 668 0
-670 674 0
-51 -675 674 0
-674 670 51 0
-674 670 675 0
-672 676 0
-51 -670 676 0
-676 672 51 0
-676 672 670 0
-673 677 0
-51 -672 677 0
-677 673 51 0
-677 673 672 0
-674 678 0
-52 -679 678 0
-678 674 52 0
-678 674 679 0
-676 680 0
-52 -674 680 0
-680 676 52 0
-680 676 674 0
-677 681 0
-52 -676 681 0
-681 677 52 0
-681 677 676 0
-678 682 0
-53 -683 682 0
-682 678 53 0
-682 678 683 0
-680 684 0
-53 -678 684 0
-684 680 53 0
-684 680 678 0
-681 685 0
-53 -680 685 0
-685 681 53 0
-685 681 680 0
-682 686 0
-54 -687 686 0
-686 682 54 0
-686 682 687 0
-684 688 0
-54 -682 688 0
-688 684 54 0
-688 684 682 0
-685 689 0
-54 -684 689 0
-689 685 54 0
-689 685 684 0
-686 690 0
-55 -691 690 0
-690 686 55 0
-690 686 691 0
-688 692 0
-55 -686 692 0
-692 688 55 0
-692 688 686 0
-689 693 0
-55 -688 693 0
-693 689 55 0
-693 689 688 0
223 0
-221 0
-224 0
-226 0
229 0
-225 0
-227 0
233 0
-231 0
237 0
241 0
245 0
249 0
253 0
257 0
261 0
694 0
263 0
266 0
-264 0
-267 0
-269 0
272 0
-268 0
-270 0
276 0
-274 0
280 0
284 0
288 0
292 0
296 0
300 0
304 0
695 0
306 0
309 0
-307 0
-310 0
-312 0
315 0
-311 0
-313 0
319 0
-317 0
323 0
327 0
331 0
335 0
339 0
343 0
347 0
696 0
349 0
352 0
-350 0
-353 0
-355 0
358 0
-354 0
-356 0
362 0
-360 0
366 0
370 0
374 0
378 0
382 0
386 0
390 0
697 0
392 0
395 0
-393 0
-396 0
-398 0
401 0
-397 0
-399 0
405 0
-403 0
409 0
413 0
417 0
421 0
425 0
429 0
433 0
698 0
435 0
438 0
-436 0
-439 0
-441 0
444 0
-440 0
-442 0
448 0
-446 0
452 0
456 0
460 0
464 0
468 0
472 0
476 0
699 0
478 0
481 0
-479 0
-482 0
-484 0
487 0
-483 0
-485 0
491 0
-489 0
495 0
499 0
503 0
507 0
511 0
515 0
519 0
700 0
521 0
524 0
-522 0
-525 0
-527 0
530 0
-526 0
-528 0
534 0
-532 0
538 0
542 0
546 0
550 0
554 0
558 0
562 0
701 0
564 0
567 0
-565 0
-568 0
-570 0
573 0
-569 0
-571 0
577 0
-575 0
581 0
585 0
589 0
593 0
597 0
601 0
605 0
702 0
607 0
610 0
-608 0
-611 0
-613 0
616 0
-612 0
-614 0
620 0
-618 0
624 0
628 0
632 0
636 0
640 0
644 0
648 0
703 0
650 0
653 0
-651 0
-654 0
-656 0
659 0
-655 0
-657 0
663 0
-661 0
667 0
671 0
675 0
679 0
683 0
687 0
691 0
704 0
693 0
-2 3 0
-2 705 0
3 705 0
-4 5 -707 0
-4 707 -705 0
5 707 -705 0
-7 8 -712 0
-7 712 -707 0
8 712 -707 0
-11 12 -717 0
-11 717 -712 0
12 717 -712 0
-16 17 -722 0
-16 722 -717 0
17 722 -717 0
-22 23 -727 0
-22 727 -722 0
23 727 -722 0
-29 30 -732 0
-29 732 -727 0
30 732 -727 0
-37 38 -737 0
-37 737 -732 0
38 737 -732 0
-46 47 -742 0
-46 742 -737 0
47 742 -737 0
-46 47 -742 0
-1 3 0
-1 748 0
3 748 0
-4 6 -750 0
-4 750 -748 0
6 750 -748 0
-7 9 -755 0
-7 755 -750 0
9 755 -750 0
-11 13 -760 0
-11 760 -755 0
13 760 -755 0
-16 18 -765 0
-16 765 -760 0
18 765 -760 0
-22 24 -770 0
-22 770 -765 0
24 770 -765 0
-29 31 -775 0
-29 775 -770 0
31 775 -770 0
-37 39 -780 0
-37 780 -775 0
39 780 -775 0
-46 48 -785 0
-46 785 -780 0
48 785 -780 0
-46 48 -785 0
-1 5 0
-1 791 0
5 791 0
-2 6 -793 0
-2 793 -791 0
6 793 -791 0
-7 10 -798 0
-7 798 -793 0
10 798 -793 0
-11 14 -803 0
-11 803 -798 0
14 803 -798 0
-16 19 -808 0
-16 808 -803 0
19 808 -803 0
-22 25 -813 0
-22 813 -808 0
25 813 -808 0
-29 32 -818 0
-29 818 -813 0
32 818 -813 0
-37 40 -823 0
-37 823 -818 0
40 823 -818 0
-46 49 -828 0
-46 828 -823 0
49 828 -823 0
-46 49 -828 0
-1 8 0
-1 834 0
8 834 0
-2 9 -836 0
-2 836 -834 0
9 836 -834 0
-4 10 -841 0
-4 841 -836 0
10 841 -836 0
-11 15 -846 0
-11 846 -841 0
15 846 -841 0
-16 20 -851 0
-16 851 -846 0
20 851 -846 0
-22 26 -856 0
-22 856 -851 0
26 856 -851 0
-29 33 -861 0
-29 861 -856 0
33 861 -856 0
-37 41 -866 0
-37 866 -861 0
41 866 -861 0
-46 50 -871 0
-46 871 -866 0
50 871 -866 0
-46 50 -871 0
-1 12 0
-1 877 0
12 877 0
-2 13 -879 0
-2 879 -877 0
13 879 -877 0
-4 14 -884 0
-4 884 -879 0
14 884 -879 0
-7 15 -889 0
-7 889 -884 0
15 889 -884 0
-16 21 -894 0
-16 894 -889 0
21 894 -889 0
-22 27 -899 0
-22 899 -894 0
27 899 -894 0
-29 34 -904 0
-29 904 -899 0
34 904 -899 0
-37 42 -909 0
-37 909 -904 0
42 909 -904 0
-46 51 -914 0
-46 914 -909 0
51 914 -909 0
-46 51 -914 0
-1 17 0
-1 920 0
17 920 0
-2 18 -922 0
-2 922 -920 0
18 922 -920 0
-4 19 -927 0
-4 927 -922 0
19 927 -922 0
-7 20 -932 0
-7 932 -927 0
20 932 -927 0
-11 21 -937 0
-11 937 -932 0
21 937 -932 0
-22 28 -942 0
-22 942 -937 0
28 942 -937 0
-29 35 -947 0
-29 947 -942 0
35 947 -942 0
-37 43 -952 0
-37 952 -947 0
43 952 -947 0
-46 52 -957 0
-46 957 -952 0
52 957 -952 0
-46 52 -957 0
-1 23 0
-1 963 0
23 963 0
-2 24 -965 0
-2 965 -963 0
24 965 -963 0
-4 25 -970 0
-4 970 -965 0
25 970 -965 0
-7 26 -975 0
-7 975 -970 0
26 975 -970 0
-11 27 -980 0
-11 980 -975 0
27 980 -975 0
-16 28 -985 0
-16 985 -980 0
28 985 -980 0
-29 36 -990 0
-29 990 -985 0
36 990 -985 0
-37 44 -995 0
-37 995 -990 0
44 995 -990 0
-46 53 -1000 0
-46 1000 -995 0
53 1000 -995 0
-46 53 -1000 0
-1 30 0
-1 1006 0
30 1006 0
-2 31 -1008 0
-2 1008 -1006 0
31 1008 -1006 0
-4 32 -1013 0
-4 1013 -1008 0
32 1013 -1008 0
-7 33 -1018 0
-7 1018 -1013 0
33 1018 -1013 0
-11 34 -1023 0
-11 1023 -1018 0
34 1023 -1018 0
-16 35 -1028 0
-16 1028 -1023 0
35 1028 -1023 0
-22 36 -1033 0
-22 1033 -1028 0
36 1033 -1028 0
-37 45 -1038 0
-37 1038 -1033 0
45 1038 -1033 0
-46 54 -1043 0
-46 1043 -1038 0
54 1043 -1038 0
-46 54 -1043 0
-1 38 0
-1 1049 0
38 1049 0
-2 39 -1051 0
-2 1051 -1049 0
39 1051 -1049 0
-4 40 -1056 0
-4 1056 -1051 0
40 1056 -1051 0
-7 41 -1061 0
-7 1061 -1056 0
41 1061 -1056 0
-11 42 -1066 0
-11 1066 -1061 0
42 1066 -1061 0
-16 43 -1071 0
-16 1071 -1066 0
43 1071 -1066 0
-22 44 -1076 0
-22 1076 -1071 0
44 1076 -1071 0
-29 45 -1081 0
-29 1081 -1076 0
45 1081 -1076 0
-46 55 -1086 0
-46 1086 -1081 0
55 1086 -1081 0
-46 55 -1086 0
-1 47 0
-1 1092 0
47 1092 0
-2 48 -1094 0
-2 1094 -1092 0
48 1094 -1092 0
-4 49 -1099 0
-4 1099 -1094 0
49 1099 -1094 0
-7 50 -1104 0
-7 1104 -1099 0
50 1104 -1099 0
-11 51 -1109 0
-11 1109 -1104 0
51 1109 -1104 0
-16 52 -1114 0
-16 1114 -1109 0
52 1114 -1109 0
-22 53 -1119 0
-22 1119 -1114 0
53 1119 -1114 0
-29 54 -1124 0
-29 1124 -1119 0
54 1124 -1119 0
-37 55 -1129 0
-37 1129 -1124 0
55 1129 -1124 0
-37 55 -1129 0
-1 2 0
-1 1135 0
2 1135 0
-5 6 -1137 0
-5 1137 -1135 0
6 1137 -1135 0
-8 9 -1142 0
-8 1142 -1137 0
9 1142 -1137 0
-12 13 -1147 0
-12 1147 -1142 0
13 1147 -1142 0
-17 18 -1152 0
-17 1152 -1147 0
18 1152 -1147 0
-23 24 -1157 0
-23 1157 -1152 0
24 1157 -1152 0
-30 31 -1162 0
-30 1162 -1157 0
31 1162 -1157 0
-38 39 -1167 0
-38 1167 -1162 0
39 1167 -1162 0
-47 48 -1172 0
-47 1172 -1167 0
48 1172 -1167 0
-47 48 -1172 0
-1 4 0
-1 1178 0
4 1178 0
-3 6 -1180 0
-3 1180 -1178 0
6 1180 -1178 0
-8 10 -1185 0
-8 1185 -1180 0
10 1185 -1180 0
-12 14 -1190 0
-12 1190 -1185 0
14 1190 -1185 0
-17 19 -1195 0
-17 1195 -1190 0
19 1195 -1190 0
-23 25 -1200 0
-23 1200 -1195 0
25 1200 -1195 0
-30 32 -1205 0
-30 1205 -1200 0
32 1205 -1200 0
-38 40 -1210 0
-38 1210 -1205 0
40 1210 -1205 0
-47 49 -1215 0
-47 1215 -1210 0
49 1215 -1210 0
-47 49 -1215 0
-1 7 0
-1 1221 0
7 1221 0
-3 9 -1223 0
-3 1223 -1221 0
9 1223 -1221 0
-5 10 -1228 0
-5 1228 -1223 0
10 1228 -1223 0
-12 15 -1233 0
-12 1233 -1228 0
15 1233 -1228 0
-17 20 -1238 0
-17 1238 -1233 0
20 1238 -1233 0
-23 26 -1243 0
-23 1243 -1238 0
26 1243 -1238 0
-30 33 -1248 0
-30 1248 -1243 0
33 1248 -1243 0
-38 41 -1253 0
-38 1253 -1248 0
41 1253 -1248 0
-47 50 -1258 0
-47 1258 -1253 0
50 1258 -1253 0
-47 50 -1258 0
-1 11 0
-1 1264 0
11 1264 0
-3 13 -1266 0
-3 1266 -1264 0
13 1266 -1264 0
-5 14 -1271 0
-5 1271 -1266 0
14 1271 -1266 0
-8 15 -1276 0
-8 1276 -1271 0
15 1276 -1271 0
-17 21 -1281 0
-17 1281 -1276 0
21 1281 -1276 0
-23 27 -1286 0
-23 1286 -1281 0
27 1286 -1281 0
-30 34 -1291 0
-30 1291 -1286 0
34 1291 -1286 0
-38 42 -1296 0
-38 1296 -1291 0
42 1296 -1291 0
-47 51 -1301 0
-47 1301 -1296 0
51 1301 -1296 0
-47 51 -1301 0
-1 16 0
-1 1307 0
16 1307 0
-3 18 -1309 0
-3 1309 -1307 0
18 1309 -1307 0
-5 19 -1314 0
-5 1314 -1309 0
19 1314 -1309 0
-8 20 -1319 0
-8 1319 -1314 0
20 1319 -1314 0
-12 21 -1324 0
-12 1324 -1319 0
21 1324 -1319 0
-23 28 -1329 0
-23 1329 -1324 0
28 1329 -1324 0
-30 35 -1334 0
-30 1334 -1329 0
35 1334 -1329 0
-38 43 -1339 0
-38 1339 -1334 0
43 1339 -1334 0
-47 52 -1344 0
-47 1344 -1339 0
52 1344 -1339 0
-47 52 -1344 0
-1 22 0
-1 1350 0
22 1350 0
-3 24 -1352 0
-3 1352 -1350 0
24 1352 -1350 0
-5 25 -1357 0
-5 1357 -1352 0
25 1357 -1352 0
-8 26 -1362 0
-8 1362 -1357 0
26 1362 -1357 0
-12 27 -1367 0
-12 1367 -1362 0
27 1367 -1362 0
-17 28 -1372 0
-17 1372 -1367 0
28 1372 -1367 0
-30 36 -1377 0
-30 1377 -1372 0
36 1377 -1372 0
-38 44 -1382 0
-38 1382 -1377 0
44 1382 -1377 0
-47 53 -1387 0
-47 1387 -1382 0
53 1387 -1382 0
-47 53 -1387 0
-1 29 0
-1 1393 0
29 1393 0
-3 31 -1395 0
-3 1395 -1393 0
31 1395 -1393 0
-5 32 -1400 0
-5 1400 -1395 0
32 1400 -1395 0
-8 33 -1405 0
-8 1405 -1400 0
33 1405 -1400 0
-12 34 -1410 0
-12 1410 -1405 0
34 1410 -1405 0
-17 35 -1415 0
-17 1415 -1410 0
35 1415 -1410 0
-23 36 -1420 0
-23 1420 -1415 0
36 1420 -1415 0
-38 45 -1425 0
-38 1425 -1420 0
45 1425 -1420 0
-47 54 -1430 0
-47 1430 -1425 0
54 1430 -1425 0
-47 54 -1430 0
-1 37 0
-1 1436 0
37 1436 0
-3 39 -1438 0
-3 1438 -1436 0
39 1438 -1436 0
-5 40 -1443 0
-5 1443 -1438 0
40 1443 -1438 0
-8 41 -1448 0
-8 1448 -1443 0
41 1448 -1443 0
-12 42 -1453 0
-12 1453 -1448 0
42 1453 -1448 0
-17 43 -1458 0
-17 1458 -1453 0
43 1458 -1453 0
-23 44 -1463 0
-23 1463 -1458 0
44 1463 -1458 0
-30 45 -1468 0
-30 1468 -1463 0
45 1468 -1463 0
-47 55 -1473 0
-47 1473 -1468 0
55 1473 -1468 0
-47 55 -1473 0
-1 46 0
-1 1479 0
46 1479 0
-3 48 -1481 0
-3 1481 -1479 0
48 1481 -1479 0
-5 49 -1486 0
-5 1486 -1481 0
49 1486 -1481 0
-8 50 -1491 0
-8 1491 -1486 0
50 1491 -1486 0
-12 51 -1496 0
-12 1496 -1491 0
51 1496 -1491 0
-17 52 -1501 0
-17 1501 -1496 0
52 1501 -1496 0
-23 53 -1506 0
-23 1506 -1501 0
53 1506 -1501 0
-30 54 -1511 0
-30 1511 -1506 0
54 1511 -1506 0
-38 55 -1516 0
-38 1516 -1511 0
55 1516 -1511 0
-38 55 -1516 0
-2 4 0
-2 1522 0
4 1522 0
-3 5 -1524 0
-3 1524 -1522 0
5 1524 -1522 0
-9 10 -1529 0
-9 1529 -1524 0
10 1529 -1524 0
-13 14 -1534 0
-13 1534 -1529 0
14 1534 -1529 0
-18 19 -1539 0
-18 1539 -1534 0
19 1539 -1534 0
-24 25 -1544 0
-24 1544 -1539 0
25 1544 -1539 0
-31 32 -1549 0
-31 1549 -1544 0
32 1549 -1544 0
-39 40 -1554 0
-39 1554 -1549 0
40 1554 -1549 0
-48 49 -1559 0
-48 1559 -1554 0
49 1559 -1554 0
-48 49 -1559 0
-2 7 0
-2 1565 0
7 1565 0
-3 8 -1567 0
-3 1567 -1565 0
8 1567 -1565 0
-6 10 -1572 0
-6 1572 -1567 0
10 1572 -1567 0
-13 15 -1577 0
-13 1577 -1572 0
15 1577 -1572 0
-18 20 -1582 0
-18 1582 -1577 0
20 1582 -1577 0
-24 26 -1587 0
-24 1587 -1582 0
26 1587 -1582 0
-31 33 -1592 0
-31 1592 -1587 0
33 1592 -1587 0
-39 41 -1597 0
-39 1597 -1592 0
41 1597 -1592 0
-48 50 -1602 0
-48 1602 -1597 0
50 1602 -1597 0
-48 50 -1602 0
-2 11 0
-2 1608 0
11 1608 0
-3 12 -1610 0
-3 1610 -1608 0
12 1610 -1608 0
-6 14 -1615 0
-6 1615 -1610 0
14 1615 -1610 0
-9 15 -1620 0
-9 1620 -1615 0
15 1620 -1615 0
-18 21 -1625 0
-18 1625 -1620 0
21 1625 -1620 0
-24 27 -1630 0
-24 1630 -1625 0
27 1630 -1625 0
-31 34 -1635 0
-31 1635 -1630 0
34 1635 -1630 0
-39 42 -1640 0
-39 1640 -1635 0
42 1640 -1635 0
-48 51 -1645 0
-48 1645 -1640 0
51 1645 -1640 0
-48 51 -1645 0
-2 16 0
-2 1651 0
16 1651 0
-3 17 -1653 0
-3 1653 -1651 0
17 1653 -1651 0
-6 19 -1658 0
-6 1658 -1653 0
19 1658 -1653 0
-9 20 -1663 0
-9 1663 -1658 0
20 1663 -1658 0
-13 21 -1668 0
-13 1668 -1663 0
21 1668 -1663 0
-24 28 -1673 0
-24 1673 -1668 0
28 1673 -1668 0
-31 35 -1678 0
-31 1678 -1673 0
35 1678 -1673 0
-39 43 -1683 0
-39 1683 -1678 0
43 1683 -1678 0
-48 52 -1688 0
-48 1688 -1683 0
52 1688 -1683 0
-48 52 -1688 0
-2 22 0
-2 1694 0
22 1694 0
-3 23 -1696 0
-3 1696 -1694 0
23 1696 -1694 0
-6 25 -1701 0
-6 1701 -1696 0
25 1701 -1696 0
-9 26 -1706 0
-9 1706 -1701 0
26 1706 -1701 0
-13 27 -1711 0
-13 1711 -1706 0
27 1711 -1706 0
-18 28 -1716 0
-18 1716 -1711 0
28 1716 -1711 0
-31 36 -1721 0
-31 1721 -1716 0
36 1721 -1716 0
-39 44 -1726 0
-39 1726 -1721 0
44 1726 -1721 0
-48 53 -1731 0
-48 1731 -1726 0
53 1731 -1726 0
-48 53 -1731 0
-2 29 0
-2 1737 0
29 1737 0
-3 30 -1739 0
-3 1739 -1737 0
30 1739 -1737 0
-6 32 -1744 0
-6 1744 -1739 0
32 1744 -1739 0
-9 33 -1749 0
-9 1749 -1744 0
33 1749 -1744 0
-13 34 -1754 0
-13 1754 -1749 0
34 1754 -1749 0
-18 35 -1759 0
-18 1759 -1754 0
35 1759 -1754 0
-24 36 -1764 0
-24 1764 -1759 0
36 1764 -1759 0
-39 45 -1769 0
-39 1769 -1764 0
45 1769 -1764 0
-48 54 -1774 0
-48 1774 -1769 0
54 1774 -1769 0
-48 54 -1774 0
-2 37 0
-2 1780 0
37 1780 0
-3 38 -1782 0
-3 1782 -1780 0
38 1782 -1780 0
-6 40 -1787 0
-6 1787 -1782 0
40 1787 -1782 0
-9 41 -1792 0
-9 1792 -1787 0
41 1792 -1787 0
-13 42 -1797 0
-13 1797 -1792 0
42 1797 -1792 0
-18 43 -1802 0
-18 1802 -1797 0
43 1802 -1797 0
-24 44 -1807 0
-24 1807 -1802 0
44 1807 -1802 0
-31 45 -1812 0
-31 1812 -1807 0
45 1812 -1807 0
-48 55 -1817 0
-48 1817 -1812 0
55 1817 -1812 0
-48 55 -1817 0
-2 46 0
-2 1823 0
46 1823 0
-3 47 -1825 0
-3 1825 -1823 0
47 1825 -1823 0
-6 49 -1830 0
-6 1830 -1825 0
49 1830 -1825 0
-9 50 -1835 0
-9 1835 -1830 0
50 1835 -1830 0
-13 51 -1840 0
-13 1840 -1835 0
51 1840 -1835 0
-18 52 -1845 0
-18 1845 -1840 0
52 1845 -1840 0
-24 53 -1850 0
-24 1850 -1845 0
53 1850 -1845 0
-31 54 -1855 0
-31 1855 -1850 0
54 1855 -1850 0
-39 55 -1860 0
-39 1860 -1855 0
55 1860 -1855 0
-39 55 -1860 0
-4 7 0
-4 1866 0
7 1866 0
-5 8 -1868 0
-5 1868 -1866 0
8 1868 -1866 0
-6 9 -1873 0
-6 1873 -1868 0
9 1873 -1868 0
-14 15 -1878 0
-14 1878 -1873 0
15 1878 -1873 0
-19 20 -1883 0
-19 1883 -1878 0
20 1883 -1878 0
-25 26 -1888 0
-25 1888 -1883 0
26 1888 -1883 0
-32 33 -1893 0
-32 1893 -1888 0
33 1893 -1888 0
-40 41 -1898 0
-40 1898 -1893 0
41 1898 -1893 0
-49 50 -1903 0
-49 1903 -1898 0
50 1903 -1898 0
-49 50 -1903 0
-4 11 0
-4 1909 0
11 1909 0
-5 12 -1911 0
-5 1911 -1909 0
12 1911 -1909 0
-6 13 -1916 0
-6 1916 -1911 0
13 1916 -1911 0
-10 15 -1921 0
-10 1921 -1916 0
15 1921 -1916 0
-19 21 -1926 0
-19 1926 -1921 0
21 1926 -1921 0
-25 27 -1931 0
-25 1931 -1926 0
27 1931 -1926 0
-32 34 -1936 0
-32 1936 -1931 0
34 1936 -1931 0
-40 42 -1941 0
-40 1941 -1936 0
42 1941 -1936 0
-49 51 -1946 0
-49 1946 -1941 0
51 1946 -1941 0
-49 51 -1946 0
-4 16 0
-4 1952 0
16 1952 0
-5 17 -1954 0
-5 1954 -1952 0
17 1954 -1952 0
-6 18 -1959 0
-6 1959 -1954 0
18 1959 -1954 0
-10 20 -1964 0
-10 1964 -1959 0
20 1964 -1959 0
-14 21 -1969 0
-14 1969 -1964 0
21 1969 -1964 0
-25 28 -1974 0
-25 1974 -1969 0
28 1974 -1969 0
-32 35 -1979 0
-32 1979 -1974 0
35 1979 -1974 0
-40 43 -1984 0
-40 1984 -1979 0
43 1984 -1979 0
-49 52 -1989 0
-49 1989 -1984 0
52 1989 -1984 0
-49 52 -1989 0
-4 22 0
-4 1995 0
22 1995 0
-5 23 -1997 0
-5 1997 -1995 0
23 1997 -1995 0
-6 24 -2002 0
-6 2002 -1997 0
24 2002 -1997 0
-10 26 -2007 0
-10 2007 -2002 0
26 2007 -2002 0
-14 27 -2012 0
-14 2012 -2007 0
27 2012 -2007 0
-19 28 -2017 0
-19 2017 -2012 0
28 2017 -2012 0
-32 36 -2022 0
-32 2022 -2017 0
36 2022 -2017 0
-40 44 -2027 0
-40 2027 -2022 0
44 2027 -2022 0
-49 53 -2032 0
-49 2032 -2027 0
53 2032 -2027 0
-49 53 -2032 0
-4 29 0
-4 2038 0
29 2038 0
-5 30 -2040 0
-5 2040 -2038 0
30 2040 -2038 0
-6 31 -2045 0
-6 2045 -2040 0
31 2045 -2040 0
-10 33 -2050 0
-10 2050 -2045 0
33 2050 -2045 0
-14 34 -2055 0
-14 2055 -2050 0
34 2055 -2050 0
-19 35 -2060 0
-19 2060 -2055 0
35 2060 -2055 0
-25 36 -2065 0
-25 2065 -2060 0
36 2065 -2060 0
-40 45 -2070 0
-40 2070 -2065 0
45 2070 -2065 0
-49 54 -2075 0
-49 2075 -2070 0
54 2075 -2070 0
-49 54 -2075 0
-4 37 0
-4 2081 0
37 2081 0
-5 38 -2083 0
-5 2083 -2081 0
38 2083 -2081 0
-6 39 -2088 0
-6 2088 -2083 0
39 2088 -2083 0
-10 41 -2093 0
-10 2093 -2088 0
41 2093 -2088 0
-14 42 -2098 0
-14 2098 -2093 0
42 2098 -2093 0
-19 43 -2103 0
-19 2103 -2098 0
43 2103 -2098 0
-25 44 -2108 0
-25 2108 -2103 0
44 2108 -2103 0
-32 45 -2113 0
-32 2113 -2108 0
45 2113 -2108 0
-49 55 -2118 0
-49 2118 -2113 0
55 2118 -2113 0
-49 55 -2118 0
-4 46 0
-4 2124 0
46 2124 0
-5 47 -2126 0
-5 2126 -2124 0
47 2126 -2124 0
-6 48 -2131 0
-6 2131 -2126 0
48 2131 -2126 0
-10 50 -2136 0
-10 2136 -2131 0
50 2136 -2131 0
-14 51 -2141 0
-14 2141 -2136 0
51 2141 -2136 0
-19 52 -2146 0
-19 2146 -2141 0
52 2146 -2141 0
-25 53 -2151 0
-25 2151 -2146 0
53 2151 -2146 0
-32 54 -2156 0
-32 2156 -2151 0
54 2156 -2151 0
-40 55 -2161 0
-40 2161 -2156 0
55 2161 -2156 0
-40 55 -2161 0
-7 11 0
-7 2167 0
11 2167 0
-8 12 -2169 0
-8 2169 -2167 0
12 2169 -2167 0
-9 13 -2174 0
-9 2174 -2169 0
13 2174 -2169 0
-10 14 -2179 0
-10 2179 -2174 0
14 2179 -2174 0
-20 21 -2184 0
-20 2184 -2179 0
21 2184 -2179 0
-26 27 -2189 0
-26 2189 -2184 0
27 2189 -2184 0
-33 34 -2194 0
-33 2194 -2189 0
34 2194 -2189 0
-41 42 -2199 0
-41 2199 -2194 0
42 2199 -2194 0
-50 51 -2204 0
-50 2204 -2199 0
51 2204 -2199 0
-50 51 -2204 0
-7 16 0
-7 2210 0
16 2210 0
-8 17 -2212 0
-8 2212 -2210 0
17 2212 -2210 0
-9 18 -2217 0
-9 2217 -2212 0
18 2217 -2212 0
-10 19 -2222 0
-10 2222 -2217 0
19 2222 -2217 0
-15 21 -2227 0
-15 2227 -2222 0
21 2227 -2222 0
-26 28 -2232 0
-26 2232 -2227 0
28 2232 -2227 0
-33 35 -2237 0
-33 2237 -2232 0
35 2237 -2232 0
-41 43 -2242 0
-41 2242 -2237 0
43 2242 -2237 0
-50 52 -2247 0
-50 2247 -2242 0
52 2247 -2242 0
-50 52 -2247 0
-7 22 0
-7 2253 0
22 2253 0
-8 23 -2255 0
-8 2255 -2253 0
23 2255 -2253 0
-9 24 -2260 0
-9 2260 -2255 0
24 2260 -2255 0
-10 25 -2265 0
-10 2265 -2260 0
25 2265 -2260 0
-15 27 -2270 0
-15 2270 -2265 0
27 2270 -2265 0
-20 28 -2275 0
-20 2275 -2270 0
28 2275 -2270 0
-33 36 -2280 0
-33 2280 -2275 0
36 2280 -2275 0
-41 44 -2285 0
-41 2285 -2280 0
44 2285 -2280 0
-50 53 -2290 0
-50 2290 -2285 0
53 2290 -2285 0
-50 53 -2290 0
-7 29 0
-7 2296 0
29 2296 0
-8 30 -2298 0
-8 2298 -2296 0
30 2298 -2296 0
-9 31 -2303 0
-9 2303 -2298 0
31 2303 -2298 0
-10 32 -2308 0
-10 2308 -2303 0
32 2308 -2303 0
-15 34 -2313 0
-15 2313 -2308 0
34 2313 -2308 0
-20 35 -2318 0
-20 2318 -2313 0
35 2318 -2313 0
-26 36 -2323 0
-26 2323 -2318 0
36 2323 -2318 0
-41 45 -2328 0
-41 2328 -2323 0
45 2328 -2323 0
-50 54 -2333 0
-50 2333 -2328 0
54 2333 -2328 0
-50 54 -2333 0
-7 37 0
-7 2339 0
37 2339 0
-8 38 -2341 0
-8 2341 -2339 0
38 2341 -2339 0
-9 39 -2346 0
-9 2346 -2341 0
39 2346 -2341 0
-10 40 -2351 0
-10 2351 -2346 0
40 2351 -2346 0
-15 42 -2356 0
-15 2356 -2351 0
42 2356 -2351 0
-20 43 -2361 0
-20 2361 -2356 0
43 2361 -2356 0
-26 44 -2366 0
-26 2366 -2361 0
44 2366 -2361 0
-33 45 -2371 0
-33 2371 -2366 0
45 2371 -2366 0
-50 55 -2376 0
-50 2376 -2371 0
55 2376 -2371 0
-50 55 -2376 0
-7 46 0
-7 2382 0
46 2382 0
-8 47 -2384 0
-8 2384 -2382 0
47 2384 -2382 0
-9 48 -2389 0
-9 2389 -2384 0
48 2389 -2384 0
-10 49 -2394 0
-10 2394 -2389 0
49 2394 -2389 0
-15 51 -2399 0
-15 2399 -2394 0
51 2399 -2394 0
-20 52 -2404 0
-20 2404 -2399 0
52 2404 -2399 0
-26 53 -2409 0
-26 2409 -2404 0
53 2409 -2404 0
-33 54 -2414 0
-33 2414 -2409 0
54 2414 -2409 0
-41 55 -2419 0
-41 2419 -2414 0
55 2419 -2414 0
-41 55 -2419 0
-11 16 0
-11 2425 0
16 2425 0
-12 17 -2427 0
-12 2427 -2425 0
17 2427 -2425 0
-13 18 -2432 0
-13 2432 -2427 0
18 2432 -2427 0
-14 19 -2437 0
-14 2437 -2432 0
19 2437 -2432 0
-15 20 -2442 0
-15 2442 -2437 0
20 2442 -2437 0
-27 28 -2447 0
-27 2447 -2442 0
28 2447 -2442 0
-34 35 -2452 0
-34 2452 -2447 0
35 2452 -2447 0
-42 43 -2457 0
-42 2457 -2452 0
43 2457 -2452 0
-51 52 -2462 0
-51 2462 -2457 0
52 2462 -2457 0
-51 52 -2462 0
-11 22 0
-11 2468 0
22 2468 0
-12 23 -2470 0
-12 2470 -2468 0
23 2470 -2468 0
-13 24 -2475 0
-13 2475 -2470 0
24 2475 -2470 0
-14 25 -2480 0
-14 2480 -2475 0
25 2480 -2475 0
-15 26 -2485 0
-15 2485 -2480 0
26 2485 -2480 0
-21 28 -2490 0
-21 2490 -2485 0
28 2490 -2485 0
-34 36 -2495 0
-34 2495 -2490 0
36 2495 -2490 0
-42 44 -2500 0
-42 2500 -2495 0
44 2500 -2495 0
-51 53 -2505 0
-51 2505 -2500 0
53 2505 -2500 0
-51 53 -2505 0
-11 29 0
-11 2511 0
29 2511 0
-12 30 -2513 0
-12 2513 -2511 0
30 2513 -2511 0
-13 31 -2518 0
-13 2518 -2513 0
31 2518 -2513 0
-14 32 -2523 0
-14 2523 -2518 0
32 2523 -2518 0
-15 33 -2528 0
-15 2528 -2523 0
33 2528 -2523 0
-21 35 -2533 0
-21 2533 -2528 0
35 2533 -2528 0
-27 36 -2538 0
-27 2538 -2533 0
36 2538 -2533 0
-42 45 -2543 0
-42 2543 -2538 0
45 2543 -2538 0
-51 54 -2548 0
-51 2548 -2543 0
54 2548 -2543 0
-51 54 -2548 0
-11 37 0
-11 2554 0
37 2554 0
-12 38 -2556 0
-12 2556 -2554 0
38 2556 -2554 0
-13 39 -2561 0
-13 2561 -2556 0
39 2561 -2556 0
-14 40 -2566 0
-14 2566 -2561 0
40 2566 -2561 0
-15 41 -2571 0
-15 2571 -2566 0
41 2571 -2566 0
-21 43 -2576 0
-21 2576 -2571 0
43 2576 -2571 0
-27 44 -2581 0
-27 2581 -2576 0
44 2581 -2576 0
-34 45 -2586 0
-34 2586 -2581 0
45 2586 -2581 0
-51 55 -2591 0
-51 2591 -2586 0
55 2591 -2586 0
-51 55 -2591 0
-11 46 0
-11 2597 0
46 2597 0
-12 47 -2599 0
-12 2599 -2597 0
47 2599 -2597 0
-13 48 -2604 0
-13 2604 -2599 0
48 2604 -2599 0
-14 49 -2609 0
-14 2609 -2604 0
49 2609 -2604 0
-15 50 -2614 0
-15 2614 -2609 0
50 2614 -2609 0
-21 52 -2619 0
-21 2619 -2614 0
52 2619 -2614 0
-27 53 -2624 0
-27 2624 -2619 0
53 2624 -2619 0
-34 54 -2629 0
-34 2629 -2624 0
54 2629 -2624 0
-42 55 -2634 0
-42 2634 -2629 0
55 2634 -2629 0
-42 55 -2634 0
-16 22 0
-16 2640 0
22 2640 0
-17 23 -2642 0
-17 2642 -2640 0
23 2642 -2640 0
-18 24 -2647 0
-18 2647 -2642 0
24 2647 -2642 0
-19 25 -2652 0
-19 2652 -2647 0
25 2652 -2647 0
-20 26 -2657 0
-20 2657 -2652 0
26 2657 -2652 0
-21 27 -2662 0
-21 2662 -2657 0
27 2662 -2657 0
-35 36 -2667 0
-35 2667 -2662 0
36 2667 -2662 0
-43 44 -2672 0
-43 2672 -2667 0
44 2672 -2667 0
-52 53 -2677 0
-52 2677 -2672 0
53 2677 -2672 0
-52 53 -2677 0
-16 29 0
-16 2683 0
29 2683 0
-17 30 -2685 0
-17 2685 -2683 0
30 2685 -2683 0
-18 31 -2690 0
-18 2690 -2685 0
31 2690 -2685 0
-19 32 -2695 0
-19 2695 -2690 0
32 2695 -2690 0
-20 33 -2700 0
-20 2700 -2695 0
33 2700 -2695 0
-21 34 -2705 0
-21 2705 -2700 0
34 2705 -2700 0
-28 36 -2710 0
-28 2710 -2705 0
36 2710 -2705 0
-43 45 -2715 0
-43 2715 -2710 0
45 2715 -2710 0
-52 54 -2720 0
-52 2720 -2715 0
54 2720 -2715 0
-52 54 -2720 0
-16 37 0
-16 2726 0
37 2726 0
-17 38 -2728 0
-17 2728 -2726 0
38 2728 -2726 0
-18 39 -2733 0
-18 2733 -2728 0
39 2733 -2728 0
-19 40 -2738 0
-19 2738 -2733 0
40 2738 -2733 0
-20 41 -2743 0
-20 2743 -2738 0
41 2743 -2738 0
-21 42 -2748 0
-21 2748 -2743 0
42 2748 -2743 0
-28 44 -2753 0
-28 2753 -2748 0
44 2753 -2748 0
-35 45 -2758 0
-35 2758 -2753 0
45 2758 -2753 0
-52 55 -2763 0
-52 2763 -2758 0
55 2763 -2758 0
-52 55 -2763 0
-16 46 0
-16 2769 0
46 2769 0
-17 47 -2771 0
-17 2771 -2769 0
47 2771 -2769 0
-18 48 -2776 0
-18 2776 -2771 0
48 2776 -2771 0
-19 49 -2781 0
-19 2781 -2776 0
49 2781 -2776 0
-20 50 -2786 0
-20 2786 -2781 0
50 2786 -2781 0
-21 51 -2791 0
-21 2791 -2786 0
51 2791 -2786 0
-28 53 -2796 0
-28 2796 -2791 0
53 2796 -2791 0
-35 54 -2801 0
-35 2801 -2796 0
54 2801 -2796 0
-43 55 -2806 0
-43 2806 -2801 0
55 2806 -2801 0
-43 55 -2806 0
-22 29 0
-22 2812 0
29 2812 0
-23 30 -2814 0
-23 2814 -2812 0
30 2814 -2812 0
-24 31 -2819 0
-24 2819 -2814 0
31 2819 -2814 0
-25 32 -2824 0
-25 2824 -2819 0
32 2824 -2819 0
-26 33 -2829 0
-26 2829 -2824 0
33 2829 -2824 0
-27 34 -2834 0
-27 2834 -2829 0
34 2834 -2829 0
-28 35 -2839 0
-28 2839 -2834 0
35 2839 -2834 0
-44 45 -2844 0
-44 2844 -2839 0
45 2844 -2839 0
-53 54 -2849 0
-53 2849 -2844 0
54 2849 -2844 0
-53 54 -2849 0
-22 37 0
-22 2855 0
37 2855 0
-23 38 -2857 0
-23 2857 -2855 0
38 2857 -2855 0
-24 39 -2862 0
-24 2862 -2857 0
39 2862 -2857 0
-25 40 -2867 0
-25 2867 -2862 0
40 2867 -2862 0
-26 41 -2872 0
-26 2872 -2867 0
41 2872 -2867 0
-27 42 -2877 0
-27 2877 -2872 0
42 2877 -2872 0
-28 43 -2882 0
-28 2882 -2877 0
43 2882 -2877 0
-36 45 -2887 0
-36 2887 -2882 0
45 2887 -2882 0
-53 55 -2892 0
-53 2892 -2887 0
55 2892 -2887 0
-53 55 -2892 0
-22 46 0
-22 2898 0
46 2898 0
-23 47 -2900 0
-23 2900 -2898 0
47 2900 -2898 0
-24 48 -2905 0
-24 2905 -2900 0
48 2905 -2900 0
-25 49 -2910 0
-25 2910 -2905 0
49 2910 -2905 0
-26 50 -2915 0
-26 2915 -2910 0
50 2915 -2910 0
-27 51 -2920 0
-27 2920 -2915 0
51 2920 -2915 0
-28 52 -2925 0
-28 2925 -2920 0
52 2925 -2920 0
-36 54 -2930 0
-36 2930 -2925 0
54 2930 -2925 0
-44 55 -2935 0
-44 2935 -2930 0
55 2935 -2930 0
-44 55 -2935 0
-29 37 0
-29 2941 0
37 2941 0
-30 38 -2943 0
-30 2943 -2941 0
38 2943 -2941 0
-31 39 -2948 0
-31 2948 -2943 0
39 2948 -2943 0
-32 40 -2953 0
-32 2953 -2948 0
40 2953 -2948 0
-33 41 -2958 0
-33 2958 -2953 0
41 2958 -2953 0
-34 42 -2963 0
-34 2963 -2958 0
42 2963 -2958 0
-35 43 -2968 0
-35 2968 -2963 0
43 2968 -2963 0
-36 44 -2973 0
-36 2973 -2968 0
44 2973 -2968 0
-54 55 -2978 0
-54 2978 -2973 0
55 2978 -2973 0
-54 55 -2978 0
-29 46 0
-29 2984 0
46 2984 0
-30 47 -2986 0
-30 2986 -2984 0
47 2986 -2984 0
-31 48 -2991 0
-31 2991 -2986 0
48 2991 -2986 0
-32 49 -2996 0
-32 2996 -2991 0
49 2996 -2991 0
-33 50 -3001 0
-33 3001 -2996 0
50 3001 -2996 0
-34 51 -3006 0
-34 3006 -3001 0
51 3006 -3001 0
-35 52 -3011 0
-35 3011 -3006 0
52 3011 -3006 0
-36 53 -3016 0
-36 3016 -3011 0
53 3016 -3011 0
-45 55 -3021 0
-45 3021 -3016 0
55 3021 -3016 0
-45 55 -3021 0
-37 46 0
-37 3027 0
46 3027 0
-38 47 -3029 0
-38 3029 -3027 0
47 3029 -3027 0
-39 48 -3034 0
-39 3034 -3029 0
48 3034 -3029 0
-40 49 -3039 0
-40 3039 -3034 0
49 3039 -3034 0
-41 50 -3044 0
-41 3044 -3039 0
50 3044 -3039 0
-42 51 -3049 0
-42 3049 -3044 0
51 3049 -3044 0
-43 52 -3054 0
-43 3054 -3049 0
52 3054 -3049 0
-44 53 -3059 0
-44 3059 -3054 0
53 3059 -3054 0
-45 54 -3064 0
-45 3064 -3059 0
54 3064 -3059 0
-45 54 -3064 0
-3070 0
-3070 3070 0
3070 -3070 0
-1 1 0
1 -1 0
-2 2 0
2 -2 0
-4 4 0
4 -4 0
-7 7 0
7 -7 0
-11 11 0
11 -11 0
-16 16 0
16 -16 0
-22 22 0
22 -22 0
-29 29 0
29 -29 0
-37 37 0
37 -37 0
-46 46 0
46 -46 0
-3075 0
-1 1 0
1 -1 0
-3075 3075 0
3075 -3075 0
-3 3 0
3 -3 0
-5 5 0
5 -5 0
-8 8 0
8 -8 0
-12 12 0
12 -12 0
-17 17 0
17 -17 0
-23 23 0
23 -23 0
-30 30 0
30 -30 0
-38 38 0
38 -38 0
-47 47 0
47 -47 0
-3080 0
-2 2 0
2 -2 0
-3 3 0
3 -3 0
-3080 3080 0
3080 -3080 0
-6 6 0
6 -6 0
-9 9 0
9 -9 0
-13 13 0
13 -13 0
-18 18 0
18 -18 0
-24 24 0
24 -24 0
-31 31 0
31 -31 0
-39 39 0
39 -39 0
-48 48 0
48 -48 0
-3085 0
-4 4 0
4 -4 0
-5 5 0
5 -5 0
-6 6 0
6 -6 0
-3085 3085 0
3085 -3085 0
-10 10 0
10 -10 0
-14 14 0
14 -14 0
-19 19 0
19 -19 0
-25 25 0
25 -25 0
-32 32 0
32 -32 0
-40 40 0
40 -40 0
-49 49 0
49 -49 0
-3090 0
-7 7 0
7 -7 0
-8 8 0
8 -8 0
-9 9 0
9 -9 0
-10 10 0
10 -10 0
-3090 3090 0
3090 -3090 0
-15 15 0
15 -15 0
-20 20 0
20 -20 0
-26 26 0
26 -26 0
-33 33 0
33 -33 0
-41 41 0
41 -41 0
-50 50 0
50 -50 0
-3095 0
-11 11 0
11 -11 0
-12 12 0
12 -12 0
-13 13 0
13 -13 0
-14 14 0
14 -14 0
-15 15 0
15 -15 0
-3095 3095 0
3095 -3095 0
-21 21 0
21 -21 0
-27 27 0
27 -27 0
-34 34 0
34 -34 0
-42 42 0
42 -42 0
-51 51 0
51 -51 0
-3100 0
-16 16 0
16 -16 0
-17 17 0
17 -17 0
-18 18 0
18 -18 0
-19 19 0
19 -19 0
-20 20 0
20 -20 0
-21 21 0
21 -21 0
-3100 3100 0
3100 -3100 0
-28 28 0
28 -28 0
-35 35 0
35 -35 0
-43 43 0
43 -43 0
-52 52 0
52 -52 0
-3105 0
-22 22 0
22 -22 0
-23 23 0
23 -23 0
-24 24 0
24 -24 0
-25 25 0
25 -25 0
-26 26 0
26 -26 0
-27 27 0
27 -27 0
-28 28 0
28 -28 0
-3105 3105 0
3105 -3105 0
-36 36 0
36 -36 0
-44 44 0
44 -44 0
-53 53 0
53 -53 0
-3110 0
-29 29 0
29 -29 0
-30 30 0
30 -30 0
-31 31 0
31 -31 0
-32 32 0
32 -32 0
-33 33 0
33 -33 0
-34 34 0
34 -34 0
-35 35 0
35 -35 0
-36 36 0
36 -36 0
-3110 3110 0
3110 -3110 0
-45 45 0
45 -45 0
-54 54 0
54 -54 0
-3115 0
-37 37 0
37 -37 0
-38 38 0
38 -38 0
-39 39 0
39 -39 0
-40 40 0
40 -40 0
-41 41 0
41 -41 0
-42 42 0
42 -42 0
-43 43 0
43 -43 0
-44 44 0
44 -44 0
-45 45 0
45 -45 0
-3115 3115 0
3115 -3115 0
-55 55 0
55 -55 0
-3120 0
-46 46 0
46 -46 0
-47 47 0
47 -47 0
-48 48 0
48 -48 0
-49 49 0
49 -49 0
-50 50 0
50 -50 0
-51 51 0
51 -51 0
-52 52 0
52 -52 0
-53 53 0
53 -53 0
-54 54 0
54 -54 0
-55 55 0
55 -55 0
-3120 3120 0
3120 -3120 0
