p cnf 4086 6315
-1 -3 -12 -22 0
-2 -3 -12 -13 0
-1 -2 -13 -22 0
-1 -4 -12 -23 0
-2 -4 -12 -14 0
-1 -2 -14 -23 0
-1 -5 -12 -24 0
-2 -5 -12 -15 0
-1 -2 -15 -24 0
-1 -6 -12 -25 0
-2 -6 -12 -16 0
-1 -2 -16 -25 0
-1 -7 -12 -26 0
-2 -7 -12 -17 0
-1 -2 -17 -26 0
-1 -8 -12 -27 0
-2 -8 -12 -18 0
-1 -2 -18 -27 0
-1 -9 -12 -28 0
-2 -9 -12 -19 0
-1 -2 -19 -28 0
-1 -10 -12 -29 0
-2 -10 -12 -20 0
-1 -2 -20 -29 0
-1 -11 -12 -30 0
-2 -11 -12 -21 0
-1 -2 -21 -30 0
-1 -4 -13 -31 0
-3 -4 -13 -14 0
-1 -3 -14 -31 0
-1 -5 -13 -32 0
-3 -5 -13 -15 0
-1 -3 -15 -32 0
-1 -6 -13 -33 0
-3 -6 -13 -16 0
-1 -3 -16 -33 0
-1 -7 -13 -34 0
-3 -7 -13 -17 0
-1 -3 -17 -34 0
-1 -8 -13 -35 0
-3 -8 -13 -18 0
-1 -3 -18 -35 0
-1 -9 -13 -36 0
-3 -9 -13 -19 0
-1 -3 -19 -36 0
-1 -10 -13 -37 0
-3 -10 -13 -20 0
-1 -3 -20 -37 0
-1 -11 -13 -38 0
-3 -11 -13 -21 0
-1 -3 -21 -38 0
-1 -5 -14 -39 0
-4 -5 -14 -15 0
-1 -4 -15 -39 0
-1 -6 -14 -40 0
-4 -6 -14 -16 0
-1 -4 -16 -40 0
-1 -7 -14 -41 0
-4 -7 -14 -17 0
-1 -4 -17 -41 0
-1 -8 -14 -42 0
-4 -8 -14 -18 0
-1 -4 -18 -42 0
-1 -9 -14 -43 0
-4 -9 -14 -19 0
-1 -4 -19 -43 0
-1 -10 -14 -44 0
-4 -10 -14 -20 0
-1 -4 -20 -44 0
-1 -11 -14 -45 0
-4 -11 -14 -21 0
-1 -4 -21 -45 0
-1 -6 -15 -46 0
-5 -6 -15 -16 0
-1 -5 -16 -46 0
-1 -7 -15 -47 0
-5 -7 -15 -17 0
-1 -5 -17 -47 0
-1 -8 -15 -48 0
-5 -8 -15 -18 0
-1 -5 -18 -48 0
-1 -9 -15 -49 0
-5 -9 -15 -19 0
-1 -5 -19 -49 0
-1 -10 -15 -50 0
-5 -10 -15 -20 0
-1 -5 -20 -50 0
-1 -11 -15 -51 0
-5 -11 -15 -21 0
-1 -5 -21 -51 0
-1 -7 -16 -52 0
-6 -7 -16 -17 0
-1 -6 -17 -52 0
-1 -8 -16 -53 0
-6 -8 -16 -18 0
-1 -6 -18 -53 0
-1 -9 -16 -54 0
-6 -9 -16 -19 0
-1 -6 -19 -54 0
-1 -10 -16 -55 0
-6 -10 -16 -20 0
-1 -6 -20 -55 0
-1 -11 -16 -56 0
-6 -11 -16 -21 0
-1 -6 -21 -56 0
-1 -8 -17 -57 0
-7 -8 -17 -18 0
-1 -7 -18 -57 0
-1 -9 -17 -58 0
-7 -9 -17 -19 0
-1 -7 -19 -58 0
-1 -10 -17 -59 0
-7 -10 -17 -20 0
-1 -7 -20 -59 0
-1 -11 -17 -60 0
-7 -11 -17 -21 0
-1 -7 -21 -60 0
-1 -9 -18 -61 0
-8 -9 -18 -19 0
-1 -8 -19 -61 0
-1 -10 -18 -62 0
-8 -10 -18 -20 0
-1 -8 -20 -62 0
-1 -11 -18 -63 0
-8 -11 -18 -21 0
-1 -8 -21 -63 0
-1 -10 -19 -64 0
-9 -10 -19 -20 0
-1 -9 -20 -64 0
-1 -11 -19 -65 0
-9 -11 -19 -21 0
-1 -9 -21 -65 0
-1 -11 -20 -66 0
-10 -11 -20 -21 0
-1 -10 -21 -66 0
-2 -4 -22 -31 0
-3 -4 -22 -23 0
-2 -3 -23 -31 0
-2 -5 -22 -32 0
-3 -5 -22 -24 0
-2 -3 -24 -32 0
-2 -6 -22 -33 0
-3 -6 -22 -25 0
-2 -3 -25 -33 0
-2 -7 -22 -34 0
-3 -7 -22 -26 0
-2 -3 -26 -34 0
-2 -8 -22 -35 0
-3 -8 -22 -27 0
-2 -3 -27 -35 0
-2 -9 -22 -36 0
-3 -9 -22 -28 0
-2 -3 -28 -36 0
-2 -10 -22 -37 0
-3 -10 -22 -29 0
-2 -3 -29 -37 0
-2 -11 -22 -38 0
-3 -11 -22 -30 0
-2 -3 -30 -38 0
-2 -5 -23 -39 0
-4 -5 -23 -24 0
-2 -4 -24 -39 0
-2 -6 -23 -40 0
-4 -6 -23 -25 0
-2 -4 -25 -40 0
-2 -7 -23 -41 0
-4 -7 -23 -26 0
-2 -4 -26 -41 0
-2 -8 -23 -42 0
-4 -8 -23 -27 0
-2 -4 -27 -42 0
-2 -9 -23 -43 0
-4 -9 -23 -28 0
-2 -4 -28 -43 0
-2 -10 -23 -44 0
-4 -10 -23 -29 0
-2 -4 -29 -44 0
-2 -11 -23 -45 0
-4 -11 -23 -30 0
-2 -4 -30 -45 0
-2 -6 -24 -46 0
-5 -6 -24 -25 0
-2 -5 -25 -46 0
-2 -7 -24 -47 0
-5 -7 -24 -26 0
-2 -5 -26 -47 0
-2 -8 -24 -48 0
-5 -8 -24 -27 0
-2 -5 -27 -48 0
-2 -9 -24 -49 0
-5 -9 -24 -28 0
-2 -5 -28 -49 0
-2 -10 -24 -50 0
-5 -10 -24 -29 0
-2 -5 -29 -50 0
-2 -11 -24 -51 0
-5 -11 -24 -30 0
-2 -5 -30 -51 0
-2 -7 -25 -52 0
-6 -7 -25 -26 0
-2 -6 -26 -52 0
-2 -8 -25 -53 0
-6 -8 -25 -27 0
-2 -6 -27 -53 0
-2 -9 -25 -54 0
-6 -9 -25 -28 0
-2 -6 -28 -54 0
-2 -10 -25 -55 0
-6 -10 -25 -29 0
-2 -6 -29 -55 0
-2 -11 -25 -56 0
-6 -11 -25 -30 0
-2 -6 -30 -56 0
-2 -8 -26 -57 0
-7 -8 -26 -27 0
-2 -7 -27 -57 0
-2 -9 -26 -58 0
-7 -9 -26 -28 0
-2 -7 -28 -58 0
-2 -10 -26 -59 0
-7 -10 -26 -29 0
-2 -7 -29 -59 0
-2 -11 -26 -60 0
-7 -11 -26 -30 0
-2 -7 -30 -60 0
-2 -9 -27 -61 0
-8 -9 -27 -28 0
-2 -8 -28 -61 0
-2 -10 -27 -62 0
-8 -10 -27 -29 0
-2 -8 -29 -62 0
-2 -11 -27 -63 0
-8 -11 -27 -30 0
-2 -8 -30 -63 0
-2 -10 -28 -64 0
-9 -10 -28 -29 0
-2 -9 -29 -64 0
-2 -11 -28 -65 0
-9 -11 -28 -30 0
-2 -9 -30 -65 0
-2 -11 -29 -66 0
-10 -11 -29 -30 0
-2 -10 -30 -66 0
-3 -5 -31 -39 0
-4 -5 -31 -32 0
-3 -4 -32 -39 0
-3 -6 -31 -40 0
-4 -6 -31 -33 0
-3 -4 -33 -40 0
-3 -7 -31 -41 0
-4 -7 -31 -34 0
-3 -4 -34 -41 0
-3 -8 -31 -42 0
-4 -8 -31 -35 0
-3 -4 -35 -42 0
-3 -9 -31 -43 0
-4 -9 -31 -36 0
-3 -4 -36 -43 0
-3 -10 -31 -44 0
-4 -10 -31 -37 0
-3 -4 -37 -44 0
-3 -11 -31 -45 0
-4 -11 -31 -38 0
-3 -4 -38 -45 0
-3 -6 -32 -46 0
-5 -6 -32 -33 0
-3 -5 -33 -46 0
-3 -7 -32 -47 0
-5 -7 -32 -34 0
-3 -5 -34 -47 0
-3 -8 -32 -48 0
-5 -8 -32 -35 0
-3 -5 -35 -48 0
-3 -9 -32 -49 0
-5 -9 -32 -36 0
-3 -5 -36 -49 0
-3 -10 -32 -50 0
-5 -10 -32 -37 0
-3 -5 -37 -50 0
-3 -11 -32 -51 0
-5 -11 -32 -38 0
-3 -5 -38 -51 0
-3 -7 -33 -52 0
-6 -7 -33 -34 0
-3 -6 -34 -52 0
-3 -8 -33 -53 0
-6 -8 -33 -35 0
-3 -6 -35 -53 0
-3 -9 -33 -54 0
-6 -9 -33 -36 0
-3 -6 -36 -54 0
-3 -10 -33 -55 0
-6 -10 -33 -37 0
-3 -6 -37 -55 0
-3 -11 -33 -56 0
-6 -11 -33 -38 0
-3 -6 -38 -56 0
-3 -8 -34 -57 0
-7 -8 -34 -35 0
-3 -7 -35 -57 0
-3 -9 -34 -58 0
-7 -9 -34 -36 0
-3 -7 -36 -58 0
-3 -10 -34 -59 0
-7 -10 -34 -37 0
-3 -7 -37 -59 0
-3 -11 -34 -60 0
-7 -11 -34 -38 0
-3 -7 -38 -60 0
-3 -9 -35 -61 0
-8 -9 -35 -36 0
-3 -8 -36 -61 0
-3 -10 -35 -62 0
-8 -10 -35 -37 0
-3 -8 -37 -62 0
-3 -11 -35 -63 0
-8 -11 -35 -38 0
-3 -8 -38 -63 0
-3 -10 -36 -64 0
-9 -10 -36 -37 0
-3 -9 -37 -64 0
-3 -11 -36 -65 0
-9 -11 -36 -38 0
-3 -9 -38 -65 0
-3 -11 -37 -66 0
-10 -11 -37 -38 0
-3 -10 -38 -66 0
-4 -6 -39 -46 0
-5 -6 -39 -40 0
-4 -5 -40 -46 0
-4 -7 -39 -47 0
-5 -7 -39 -41 0
-4 -5 -41 -47 0
-4 -8 -39 -48 0
-5 -8 -39 -42 0
-4 -5 -42 -48 0
-4 -9 -39 -49 0
-5 -9 -39 -43 0
-4 -5 -43 -49 0
-4 -10 -39 -50 0
-5 -10 -39 -44 0
-4 -5 -44 -50 0
-4 -11 -39 -51 0
-5 -11 -39 -45 0
-4 -5 -45 -51 0
-4 -7 -40 -52 0
-6 -7 -40 -41 0
-4 -6 -41 -52 0
-4 -8 -40 -53 0
-6 -8 -40 -42 0
-4 -6 -42 -53 0
-4 -9 -40 -54 0
-6 -9 -40 -43 0
-4 -6 -43 -54 0
-4 -10 -40 -55 0
-6 -10 -40 -44 0
-4 -6 -44 -55 0
-4 -11 -40 -56 0
-6 -11 -40 -45 0
-4 -6 -45 -56 0
-4 -8 -41 -57 0
-7 -8 -41 -42 0
-4 -7 -42 -57 0
-4 -9 -41 -58 0
-7 -9 -41 -43 0
-4 -7 -43 -58 0
-4 -10 -41 -59 0
-7 -10 -41 -44 0
-4 -7 -44 -59 0
-4 -11 -41 -60 0
-7 -11 -41 -45 0
-4 -7 -45 -60 0
-4 -9 -42 -61 0
-8 -9 -42 -43 0
-4 -8 -43 -61 0
-4 -10 -42 -62 0
-8 -10 -42 -44 0
-4 -8 -44 -62 0
-4 -11 -42 -63 0
-8 -11 -42 -45 0
-4 -8 -45 -63 0
-4 -10 -43 -64 0
-9 -10 -43 -44 0
-4 -9 -44 -64 0
-4 -11 -43 -65 0
-9 -11 -43 -45 0
-4 -9 -45 -65 0
-4 -11 -44 -66 0
-10 -11 -44 -45 0
-4 -10 -45 -66 0
-5 -7 -46 -52 0
-6 -7 -46 -47 0
-5 -6 -47 -52 0
-5 -8 -46 -53 0
-6 -8 -46 -48 0
-5 -6 -48 -53 0
-5 -9 -46 -54 0
-6 -9 -46 -49 0
-5 -6 -49 -54 0
-5 -10 -46 -55 0
-6 -10 -46 -50 0
-5 -6 -50 -55 0
-5 -11 -46 -56 0
-6 -11 -46 -51 0
-5 -6 -51 -56 0
-5 -8 -47 -57 0
-7 -8 -47 -48 0
-5 -7 -48 -57 0
-5 -9 -47 -58 0
-7 -9 -47 -49 0
-5 -7 -49 -58 0
-5 -10 -47 -59 0
-7 -10 -47 -50 0
-5 -7 -50 -59 0
-5 -11 -47 -60 0
-7 -11 -47 -51 0
-5 -7 -51 -60 0
-5 -9 -48 -61 0
-8 -9 -48 -49 0
-5 -8 -49 -61 0
-5 -10 -48 -62 0
-8 -10 -48 -50 0
-5 -8 -50 -62 0
-5 -11 -48 -63 0
-8 -11 -48 -51 0
-5 -8 -51 -63 0
-5 -10 -49 -64 0
-9 -10 -49 -50 0
-5 -9 -50 -64 0
-5 -11 -49 -65 0
-9 -11 -49 -51 0
-5 -9 -51 -65 0
-5 -11 -50 -66 0
-10 -11 -50 -51 0
-5 -10 -51 -66 0
-6 -8 -52 -57 0
-7 -8 -52 -53 0
-6 -7 -53 -57 0
-6 -9 -52 -58 0
-7 -9 -52 -54 0
-6 -7 -54 -58 0
-6 -10 -52 -59 0
-7 -10 -52 -55 0
-6 -7 -55 -59 0
-6 -11 -52 -60 0
-7 -11 -52 -56 0
-6 -7 -56 -60 0
-6 -9 -53 -61 0
-8 -9 -53 -54 0
-6 -8 -54 -61 0
-6 -10 -53 -62 0
-8 -10 -53 -55 0
-6 -8 -55 -62 0
-6 -11 -53 -63 0
-8 -11 -53 -56 0
-6 -8 -56 -63 0
-6 -10 -54 -64 0
-9 -10 -54 -55 0
-6 -9 -55 -64 0
-6 -11 -54 -65 0
-9 -11 -54 -56 0
-6 -9 -56 -65 0
-6 -11 -55 -66 0
-10 -11 -55 -56 0
-6 -10 -56 -66 0
-7 -9 -57 -61 0
-8 -9 -57 -58 0
-7 -8 -58 -61 0
-7 -10 -57 -62 0
-8 -10 -57 -59 0
-7 -8 -59 -62 0
-7 -11 -57 -63 0
-8 -11 -57 -60 0
-7 -8 -60 -63 0
-7 -10 -58 -64 0
-9 -10 -58 -59 0
-7 -9 -59 -64 0
-7 -11 -58 -65 0
-9 -11 -58 -60 0
-7 -9 -60 -65 0
-7 -11 -59 -66 0
-10 -11 -59 -60 0
-7 -10 -60 -66 0
-8 -10 -61 -64 0
-9 -10 -61 -62 0
-8 -9 -62 -64 0
-8 -11 -61 -65 0
-9 -11 -61 -63 0
-8 -9 -63 -65 0
-8 -11 -62 -66 0
-10 -11 -62 -63 0
-8 -10 -63 -66 0
-9 -11 -64 -66 0
-10 -11 -64 -65 0
-9 -10 -65 -66 0
-12 -14 -22 -31 0
-13 -14 -22 -23 0
-12 -13 -23 -31 0
-12 -15 -22 -32 0
-13 -15 -22 -24 0
-12 -13 -24 -32 0
-12 -16 -22 -33 0
-13 -16 -22 -25 0
-12 -13 -25 -33 0
-12 -17 -22 -34 0
-13 -17 -22 -26 0
-12 -13 -26 -34 0
-12 -18 -22 -35 0
-13 -18 -22 -27 0
-12 -13 -27 -35 0
-12 -19 -22 -36 0
-13 -19 -22 -28 0
-12 -13 -28 -36 0
-12 -20 -22 -37 0
-13 -20 -22 -29 0
-12 -13 -29 -37 0
-12 -21 -22 -38 0
-13 -21 -22 -30 0
-12 -13 -30 -38 0
-12 -15 -23 -39 0
-14 -15 -23 -24 0
-12 -14 -24 -39 0
-12 -16 -23 -40 0
-14 -16 -23 -25 0
-12 -14 -25 -40 0
-12 -17 -23 -41 0
-14 -17 -23 -26 0
-12 -14 -26 -41 0
-12 -18 -23 -42 0
-14 -18 -23 -27 0
-12 -14 -27 -42 0
-12 -19 -23 -43 0
-14 -19 -23 -28 0
-12 -14 -28 -43 0
-12 -20 -23 -44 0
-14 -20 -23 -29 0
-12 -14 -29 -44 0
-12 -21 -23 -45 0
-14 -21 -23 -30 0
-12 -14 -30 -45 0
-12 -16 -24 -46 0
-15 -16 -24 -25 0
-12 -15 -25 -46 0
-12 -17 -24 -47 0
-15 -17 -24 -26 0
-12 -15 -26 -47 0
-12 -18 -24 -48 0
-15 -18 -24 -27 0
-12 -15 -27 -48 0
-12 -19 -24 -49 0
-15 -19 -24 -28 0
-12 -15 -28 -49 0
-12 -20 -24 -50 0
-15 -20 -24 -29 0
-12 -15 -29 -50 0
-12 -21 -24 -51 0
-15 -21 -24 -30 0
-12 -15 -30 -51 0
-12 -17 -25 -52 0
-16 -17 -25 -26 0
-12 -16 -26 -52 0
-12 -18 -25 -53 0
-16 -18 -25 -27 0
-12 -16 -27 -53 0
-12 -19 -25 -54 0
-16 -19 -25 -28 0
-12 -16 -28 -54 0
-12 -20 -25 -55 0
-16 -20 -25 -29 0
-12 -16 -29 -55 0
-12 -21 -25 -56 0
-16 -21 -25 -30 0
-12 -16 -30 -56 0
-12 -18 -26 -57 0
-17 -18 -26 -27 0
-12 -17 -27 -57 0
-12 -19 -26 -58 0
-17 -19 -26 -28 0
-12 -17 -28 -58 0
-12 -20 -26 -59 0
-17 -20 -26 -29 0
-12 -17 -29 -59 0
-12 -21 -26 -60 0
-17 -21 -26 -30 0
-12 -17 -30 -60 0
-12 -19 -27 -61 0
-18 -19 -27 -28 0
-12 -18 -28 -61 0
-12 -20 -27 -62 0
-18 -20 -27 -29 0
-12 -18 -29 -62 0
-12 -21 -27 -63 0
-18 -21 -27 -30 0
-12 -18 -30 -63 0
-12 -20 -28 -64 0
-19 -20 -28 -29 0
-12 -19 -29 -64 0
-12 -21 -28 -65 0
-19 -21 -28 -30 0
-12 -19 -30 -65 0
-12 -21 -29 -66 0
-20 -21 -29 -30 0
-12 -20 -30 -66 0
-13 -15 -31 -39 0
-14 -15 -31 -32 0
-13 -14 -32 -39 0
-13 -16 -31 -40 0
-14 -16 -31 -33 0
-13 -14 -33 -40 0
-13 -17 -31 -41 0
-14 -17 -31 -34 0
-13 -14 -34 -41 0
-13 -18 -31 -42 0
-14 -18 -31 -35 0
-13 -14 -35 -42 0
-13 -19 -31 -43 0
-14 -19 -31 -36 0
-13 -14 -36 -43 0
-13 -20 -31 -44 0
-14 -20 -31 -37 0
-13 -14 -37 -44 0
-13 -21 -31 -45 0
-14 -21 -31 -38 0
-13 -14 -38 -45 0
-13 -16 -32 -46 0
-15 -16 -32 -33 0
-13 -15 -33 -46 0
-13 -17 -32 -47 0
-15 -17 -32 -34 0
-13 -15 -34 -47 0
-13 -18 -32 -48 0
-15 -18 -32 -35 0
-13 -15 -35 -48 0
-13 -19 -32 -49 0
-15 -19 -32 -36 0
-13 -15 -36 -49 0
-13 -20 -32 -50 0
-15 -20 -32 -37 0
-13 -15 -37 -50 0
-13 -21 -32 -51 0
-15 -21 -32 -38 0
-13 -15 -38 -51 0
-13 -17 -33 -52 0
-16 -17 -33 -34 0
-13 -16 -34 -52 0
-13 -18 -33 -53 0
-16 -18 -33 -35 0
-13 -16 -35 -53 0
-13 -19 -33 -54 0
-16 -19 -33 -36 0
-13 -16 -36 -54 0
-13 -20 -33 -55 0
-16 -20 -33 -37 0
-13 -16 -37 -55 0
-13 -21 -33 -56 0
-16 -21 -33 -38 0
-13 -16 -38 -56 0
-13 -18 -34 -57 0
-17 -18 -34 -35 0
-13 -17 -35 -57 0
-13 -19 -34 -58 0
-17 -19 -34 -36 0
-13 -17 -36 -58 0
-13 -20 -34 -59 0
-17 -20 -34 -37 0
-13 -17 -37 -59 0
-13 -21 -34 -60 0
-17 -21 -34 -38 0
-13 -17 -38 -60 0
-13 -19 -35 -61 0
-18 -19 -35 -36 0
-13 -18 -36 -61 0
-13 -20 -35 -62 0
-18 -20 -35 -37 0
-13 -18 -37 -62 0
-13 -21 -35 -63 0
-18 -21 -35 -38 0
-13 -18 -38 -63 0
-13 -20 -36 -64 0
-19 -20 -36 -37 0
-13 -19 -37 -64 0
-13 -21 -36 -65 0
-19 -21 -36 -38 0
-13 -19 -38 -65 0
-13 -21 -37 -66 0
-20 -21 -37 -38 0
-13 -20 -38 -66 0
-14 -16 -39 -46 0
-15 -16 -39 -40 0
-14 -15 -40 -46 0
-14 -17 -39 -47 0
-15 -17 -39 -41 0
-14 -15 -41 -47 0
-14 -18 -39 -48 0
-15 -18 -39 -42 0
-14 -15 -42 -48 0
-14 -19 -39 -49 0
-15 -19 -39 -43 0
-14 -15 -43 -49 0
-14 -20 -39 -50 0
-15 -20 -39 -44 0
-14 -15 -44 -50 0
-14 -21 -39 -51 0
-15 -21 -39 -45 0
-14 -15 -45 -51 0
-14 -17 -40 -52 0
-16 -17 -40 -41 0
-14 -16 -41 -52 0
-14 -18 -40 -53 0
-16 -18 -40 -42 0
-14 -16 -42 -53 0
-14 -19 -40 -54 0
-16 -19 -40 -43 0
-14 -16 -43 -54 0
-14 -20 -40 -55 0
-16 -20 -40 -44 0
-14 -16 -44 -55 0
-14 -21 -40 -56 0
-16 -21 -40 -45 0
-14 -16 -45 -56 0
-14 -18 -41 -57 0
-17 -18 -41 -42 0
-14 -17 -42 -57 0
-14 -19 -41 -58 0
-17 -19 -41 -43 0
-14 -17 -43 -58 0
-14 -20 -41 -59 0
-17 -20 -41 -44 0
-14 -17 -44 -59 0
-14 -21 -41 -60 0
-17 -21 -41 -45 0
-14 -17 -45 -60 0
-14 -19 -42 -61 0
-18 -19 -42 -43 0
-14 -18 -43 -61 0
-14 -20 -42 -62 0
-18 -20 -42 -44 0
-14 -18 -44 -62 0
-14 -21 -42 -63 0
-18 -21 -42 -45 0
-14 -18 -45 -63 0
-14 -20 -43 -64 0
-19 -20 -43 -44 0
-14 -19 -44 -64 0
-14 -21 -43 -65 0
-19 -21 -43 -45 0
-14 -19 -45 -65 0
-14 -21 -44 -66 0
-20 -21 -44 -45 0
-14 -20 -45 -66 0
-15 -17 -46 -52 0
-16 -17 -46 -47 0
-15 -16 -47 -52 0
-15 -18 -46 -53 0
-16 -18 -46 -48 0
-15 -16 -48 -53 0
-15 -19 -46 -54 0
-16 -19 -46 -49 0
-15 -16 -49 -54 0
-15 -20 -46 -55 0
-16 -20 -46 -50 0
-15 -16 -50 -55 0
-15 -21 -46 -56 0
-16 -21 -46 -51 0
-15 -16 -51 -56 0
-15 -18 -47 -57 0
-17 -18 -47 -48 0
-15 -17 -48 -57 0
-15 -19 -47 -58 0
-17 -19 -47 -49 0
-15 -17 -49 -58 0
-15 -20 -47 -59 0
-17 -20 -47 -50 0
-15 -17 -50 -59 0
-15 -21 -47 -60 0
-17 -21 -47 -51 0
-15 -17 -51 -60 0
-15 -19 -48 -61 0
-18 -19 -48 -49 0
-15 -18 -49 -61 0
-15 -20 -48 -62 0
-18 -20 -48 -50 0
-15 -18 -50 -62 0
-15 -21 -48 -63 0
-18 -21 -48 -51 0
-15 -18 -51 -63 0
-15 -20 -49 -64 0
-19 -20 -49 -50 0
-15 -19 -50 -64 0
-15 -21 -49 -65 0
-19 -21 -49 -51 0
-15 -19 -51 -65 0
-15 -21 -50 -66 0
-20 -21 -50 -51 0
-15 -20 -51 -66 0
-16 -18 -52 -57 0
-17 -18 -52 -53 0
-16 -17 -53 -57 0
-16 -19 -52 -58 0
-17 -19 -52 -54 0
-16 -17 -54 -58 0
-16 -20 -52 -59 0
-17 -20 -52 -55 0
-16 -17 -55 -59 0
-16 -21 -52 -60 0
-17 -21 -52 -56 0
-16 -17 -56 -60 0
-16 -19 -53 -61 0
-18 -19 -53 -54 0
-16 -18 -54 -61 0
-16 -20 -53 -62 0
-18 -20 -53 -55 0
-16 -18 -55 -62 0
-16 -21 -53 -63 0
-18 -21 -53 -56 0
-16 -18 -56 -63 0
-16 -20 -54 -64 0
-19 -20 -54 -55 0
-16 -19 -55 -64 0
-16 -21 -54 -65 0
-19 -21 -54 -56 0
-16 -19 -56 -65 0
-16 -21 -55 -66 0
-20 -21 -55 -56 0
-16 -20 -56 -66 0
-17 -19 -57 -61 0
-18 -19 -57 -58 0
-17 -18 -58 -61 0
-17 -20 -57 -62 0
-18 -20 -57 -59 0
-17 -18 -59 -62 0
-17 -21 -57 -63 0
-18 -21 -57 -60 0
-17 -18 -60 -63 0
-17 -20 -58 -64 0
-19 -20 -58 -59 0
-17 -19 -59 -64 0
-17 -21 -58 -65 0
-19 -21 -58 -60 0
-17 -19 -60 -65 0
-17 -21 -59 -66 0
-20 -21 -59 -60 0
-17 -20 -60 -66 0
-18 -20 -61 -64 0
-19 -20 -61 -62 0
-18 -19 -62 -64 0
-18 -21 -61 -65 0
-19 -21 -61 -63 0
-18 -19 -63 -65 0
-18 -21 -62 -66 0
-20 -21 -62 -63 0
-18 -20 -63 -66 0
-19 -21 -64 -66 0
-20 -21 -64 -65 0
-19 -20 -65 -66 0
-22 -24 -31 -39 0
-23 -24 -31 -32 0
-22 -23 -32 -39 0
-22 -25 -31 -40 0
-23 -25 -31 -33 0
-22 -23 -33 -40 0
-22 -26 -31 -41 0
-23 -26 -31 -34 0
-22 -23 -34 -41 0
-22 -27 -31 -42 0
-23 -27 -31 -35 0
-22 -23 -35 -42 0
-22 -28 -31 -43 0
-23 -28 -31 -36 0
-22 -23 -36 -43 0
-22 -29 -31 -44 0
-23 -29 -31 -37 0
-22 -23 -37 -44 0
-22 -30 -31 -45 0
-23 -30 -31 -38 0
-22 -23 -38 -45 0
-22 -25 -32 -46 0
-24 -25 -32 -33 0
-22 -24 -33 -46 0
-22 -26 -32 -47 0
-24 -26 -32 -34 0
-22 -24 -34 -47 0
-22 -27 -32 -48 0
-24 -27 -32 -35 0
-22 -24 -35 -48 0
-22 -28 -32 -49 0
-24 -28 -32 -36 0
-22 -24 -36 -49 0
-22 -29 -32 -50 0
-24 -29 -32 -37 0
-22 -24 -37 -50 0
-22 -30 -32 -51 0
-24 -30 -32 -38 0
-22 -24 -38 -51 0
-22 -26 -33 -52 0
-25 -26 -33 -34 0
-22 -25 -34 -52 0
-22 -27 -33 -53 0
-25 -27 -33 -35 0
-22 -25 -35 -53 0
-22 -28 -33 -54 0
-25 -28 -33 -36 0
-22 -25 -36 -54 0
-22 -29 -33 -55 0
-25 -29 -33 -37 0
-22 -25 -37 -55 0
-22 -30 -33 -56 0
-25 -30 -33 -38 0
-22 -25 -38 -56 0
-22 -27 -34 -57 0
-26 -27 -34 -35 0
-22 -26 -35 -57 0
-22 -28 -34 -58 0
-26 -28 -34 -36 0
-22 -26 -36 -58 0
-22 -29 -34 -59 0
-26 -29 -34 -37 0
-22 -26 -37 -59 0
-22 -30 -34 -60 0
-26 -30 -34 -38 0
-22 -26 -38 -60 0
-22 -28 -35 -61 0
-27 -28 -35 -36 0
-22 -27 -36 -61 0
-22 -29 -35 -62 0
-27 -29 -35 -37 0
-22 -27 -37 -62 0
-22 -30 -35 -63 0
-27 -30 -35 -38 0
-22 -27 -38 -63 0
-22 -29 -36 -64 0
-28 -29 -36 -37 0
-22 -28 -37 -64 0
-22 -30 -36 -65 0
-28 -30 -36 -38 0
-22 -28 -38 -65 0
-22 -30 -37 -66 0
-29 -30 -37 -38 0
-22 -29 -38 -66 0
-23 -25 -39 -46 0
-24 -25 -39 -40 0
-23 -24 -40 -46 0
-23 -26 -39 -47 0
-24 -26 -39 -41 0
-23 -24 -41 -47 0
-23 -27 -39 -48 0
-24 -27 -39 -42 0
-23 -24 -42 -48 0
-23 -28 -39 -49 0
-24 -28 -39 -43 0
-23 -24 -43 -49 0
-23 -29 -39 -50 0
-24 -29 -39 -44 0
-23 -24 -44 -50 0
-23 -30 -39 -51 0
-24 -30 -39 -45 0
-23 -24 -45 -51 0
-23 -26 -40 -52 0
-25 -26 -40 -41 0
-23 -25 -41 -52 0
-23 -27 -40 -53 0
-25 -27 -40 -42 0
-23 -25 -42 -53 0
-23 -28 -40 -54 0
-25 -28 -40 -43 0
-23 -25 -43 -54 0
-23 -29 -40 -55 0
-25 -29 -40 -44 0
-23 -25 -44 -55 0
-23 -30 -40 -56 0
-25 -30 -40 -45 0
-23 -25 -45 -56 0
-23 -27 -41 -57 0
-26 -27 -41 -42 0
-23 -26 -42 -57 0
-23 -28 -41 -58 0
-26 -28 -41 -43 0
-23 -26 -43 -58 0
-23 -29 -41 -59 0
-26 -29 -41 -44 0
-23 -26 -44 -59 0
-23 -30 -41 -60 0
-26 -30 -41 -45 0
-23 -26 -45 -60 0
-23 -28 -42 -61 0
-27 -28 -42 -43 0
-23 -27 -43 -61 0
-23 -29 -42 -62 0
-27 -29 -42 -44 0
-23 -27 -44 -62 0
-23 -30 -42 -63 0
-27 -30 -42 -45 0
-23 -27 -45 -63 0
-23 -29 -43 -64 0
-28 -29 -43 -44 0
-23 -28 -44 -64 0
-23 -30 -43 -65 0
-28 -30 -43 -45 0
-23 -28 -45 -65 0
-23 -30 -44 -66 0
-29 -30 -44 -45 0
-23 -29 -45 -66 0
-24 -26 -46 -52 0
-25 -26 -46 -47 0
-24 -25 -47 -52 0
-24 -27 -46 -53 0
-25 -27 -46 -48 0
-24 -25 -48 -53 0
-24 -28 -46 -54 0
-25 -28 -46 -49 0
-24 -25 -49 -54 0
-24 -29 -46 -55 0
-25 -29 -46 -50 0
-24 -25 -50 -55 0
-24 -30 -46 -56 0
-25 -30 -46 -51 0
-24 -25 -51 -56 0
-24 -27 -47 -57 0
-26 -27 -47 -48 0
-24 -26 -48 -57 0
-24 -28 -47 -58 0
-26 -28 -47 -49 0
-24 -26 -49 -58 0
-24 -29 -47 -59 0
-26 -29 -47 -50 0
-24 -26 -50 -59 0
-24 -30 -47 -60 0
-26 -30 -47 -51 0
-24 -26 -51 -60 0
-24 -28 -48 -61 0
-27 -28 -48 -49 0
-24 -27 -49 -61 0
-24 -29 -48 -62 0
-27 -29 -48 -50 0
-24 -27 -50 -62 0
-24 -30 -48 -63 0
-27 -30 -48 -51 0
-24 -27 -51 -63 0
-24 -29 -49 -64 0
-28 -29 -49 -50 0
-24 -28 -50 -64 0
-24 -30 -49 -65 0
-28 -30 -49 -51 0
-24 -28 -51 -65 0
-24 -30 -50 -66 0
-29 -30 -50 -51 0
-24 -29 -51 -66 0
-25 -27 -52 -57 0
-26 -27 -52 -53 0
-25 -26 -53 -57 0
-25 -28 -52 -58 0
-26 -28 -52 -54 0
-25 -26 -54 -58 0
-25 -29 -52 -59 0
-26 -29 -52 -55 0
-25 -26 -55 -59 0
-25 -30 -52 -60 0
-26 -30 -52 -56 0
-25 -26 -56 -60 0
-25 -28 -53 -61 0
-27 -28 -53 -54 0
-25 -27 -54 -61 0
-25 -29 -53 -62 0
-27 -29 -53 -55 0
-25 -27 -55 -62 0
-25 -30 -53 -63 0
-27 -30 -53 -56 0
-25 -27 -56 -63 0
-25 -29 -54 -64 0
-28 -29 -54 -55 0
-25 -28 -55 -64 0
-25 -30 -54 -65 0
-28 -30 -54 -56 0
-25 -28 -56 -65 0
-25 -30 -55 -66 0
-29 -30 -55 -56 0
-25 -29 -56 -66 0
-26 -28 -57 -61 0
-27 -28 -57 -58 0
-26 -27 -58 -61 0
-26 -29 -57 -62 0
-27 -29 -57 -59 0
-26 -27 -59 -62 0
-26 -30 -57 -63 0
-27 -30 -57 -60 0
-26 -27 -60 -63 0
-26 -29 -58 -64 0
-28 -29 -58 -59 0
-26 -28 -59 -64 0
-26 -30 -58 -65 0
-28 -30 -58 -60 0
-26 -28 -60 -65 0
-26 -30 -59 -66 0
-29 -30 -59 -60 0
-26 -29 -60 -66 0
-27 -29 -61 -64 0
-28 -29 -61 -62 0
-27 -28 -62 -64 0
-27 -30 -61 -65 0
-28 -30 -61 -63 0
-27 -28 -63 -65 0
-27 -30 -62 -66 0
-29 -30 -62 -63 0
-27 -29 -63 -66 0
-28 -30 -64 -66 0
-29 -30 -64 -65 0
-28 -29 -65 -66 0
-31 -33 -39 -46 0
-32 -33 -39 -40 0
-31 -32 -40 -46 0
-31 -34 -39 -47 0
-32 -34 -39 -41 0
-31 -32 -41 -47 0
-31 -35 -39 -48 0
-32 -35 -39 -42 0
-31 -32 -42 -48 0
-31 -36 -39 -49 0
-32 -36 -39 -43 0
-31 -32 -43 -49 0
-31 -37 -39 -50 0
-32 -37 -39 -44 0
-31 -32 -44 -50 0
-31 -38 -39 -51 0
-32 -38 -39 -45 0
-31 -32 -45 -51 0
-31 -34 -40 -52 0
-33 -34 -40 -41 0
-31 -33 -41 -52 0
-31 -35 -40 -53 0
-33 -35 -40 -42 0
-31 -33 -42 -53 0
-31 -36 -40 -54 0
-33 -36 -40 -43 0
-31 -33 -43 -54 0
-31 -37 -40 -55 0
-33 -37 -40 -44 0
-31 -33 -44 -55 0
-31 -38 -40 -56 0
-33 -38 -40 -45 0
-31 -33 -45 -56 0
-31 -35 -41 -57 0
-34 -35 -41 -42 0
-31 -34 -42 -57 0
-31 -36 -41 -58 0
-34 -36 -41 -43 0
-31 -34 -43 -58 0
-31 -37 -41 -59 0
-34 -37 -41 -44 0
-31 -34 -44 -59 0
-31 -38 -41 -60 0
-34 -38 -41 -45 0
-31 -34 -45 -60 0
-31 -36 -42 -61 0
-35 -36 -42 -43 0
-31 -35 -43 -61 0
-31 -37 -42 -62 0
-35 -37 -42 -44 0
-31 -35 -44 -62 0
-31 -38 -42 -63 0
-35 -38 -42 -45 0
-31 -35 -45 -63 0
-31 -37 -43 -64 0
-36 -37 -43 -44 0
-31 -36 -44 -64 0
-31 -38 -43 -65 0
-36 -38 -43 -45 0
-31 -36 -45 -65 0
-31 -38 -44 -66 0
-37 -38 -44 -45 0
-31 -37 -45 -66 0
-32 -34 -46 -52 0
-33 -34 -46 -47 0
-32 -33 -47 -52 0
-32 -35 -46 -53 0
-33 -35 -46 -48 0
-32 -33 -48 -53 0
-32 -36 -46 -54 0
-33 -36 -46 -49 0
-32 -33 -49 -54 0
-32 -37 -46 -55 0
-33 -37 -46 -50 0
-32 -33 -50 -55 0
-32 -38 -46 -56 0
-33 -38 -46 -51 0
-32 -33 -51 -56 0
-32 -35 -47 -57 0
-34 -35 -47 -48 0
-32 -34 -48 -57 0
-32 -36 -47 -58 0
-34 -36 -47 -49 0
-32 -34 -49 -58 0
-32 -37 -47 -59 0
-34 -37 -47 -50 0
-32 -34 -50 -59 0
-32 -38 -47 -60 0
-34 -38 -47 -51 0
-32 -34 -51 -60 0
-32 -36 -48 -61 0
-35 -36 -48 -49 0
-32 -35 -49 -61 0
-32 -37 -48 -62 0
-35 -37 -48 -50 0
-32 -35 -50 -62 0
-32 -38 -48 -63 0
-35 -38 -48 -51 0
-32 -35 -51 -63 0
-32 -37 -49 -64 0
-36 -37 -49 -50 0
-32 -36 -50 -64 0
-32 -38 -49 -65 0
-36 -38 -49 -51 0
-32 -36 -51 -65 0
-32 -38 -50 -66 0
-37 -38 -50 -51 0
-32 -37 -51 -66 0
-33 -35 -52 -57 0
-34 -35 -52 -53 0
-33 -34 -53 -57 0
-33 -36 -52 -58 0
-34 -36 -52 -54 0
-33 -34 -54 -58 0
-33 -37 -52 -59 0
-34 -37 -52 -55 0
-33 -34 -55 -59 0
-33 -38 -52 -60 0
-34 -38 -52 -56 0
-33 -34 -56 -60 0
-33 -36 -53 -61 0
-35 -36 -53 -54 0
-33 -35 -54 -61 0
-33 -37 -53 -62 0
-35 -37 -53 -55 0
-33 -35 -55 -62 0
-33 -38 -53 -63 0
-35 -38 -53 -56 0
-33 -35 -56 -63 0
-33 -37 -54 -64 0
-36 -37 -54 -55 0
-33 -36 -55 -64 0
-33 -38 -54 -65 0
-36 -38 -54 -56 0
-33 -36 -56 -65 0
-33 -38 -55 -66 0
-37 -38 -55 -56 0
-33 -37 -56 -66 0
-34 -36 -57 -61 0
-35 -36 -57 -58 0
-34 -35 -58 -61 0
-34 -37 -57 -62 0
-35 -37 -57 -59 0
-34 -35 -59 -62 0
-34 -38 -57 -63 0
-35 -38 -57 -60 0
-34 -35 -60 -63 0
-34 -37 -58 -64 0
-36 -37 -58 -59 0
-34 -36 -59 -64 0
-34 -38 -58 -65 0
-36 -38 -58 -60 0
-34 -36 -60 -65 0
-34 -38 -59 -66 0
-37 -38 -59 -60 0
-34 -37 -60 -66 0
-35 -37 -61 -64 0
-36 -37 -61 -62 0
-35 -36 -62 -64 0
-35 -38 -61 -65 0
-36 -38 -61 -63 0
-35 -36 -63 -65 0
-35 -38 -62 -66 0
-37 -38 -62 -63 0
-35 -37 -63 -66 0
-36 -38 -64 -66 0
-37 -38 -64 -65 0
-36 -37 -65 -66 0
-39 -41 -46 -52 0
-40 -41 -46 -47 0
-39 -40 -47 -52 0
-39 -42 -46 -53 0
-40 -42 -46 -48 0
-39 -40 -48 -53 0
-39 -43 -46 -54 0
-40 -43 -46 -49 0
-39 -40 -49 -54 0
-39 -44 -46 -55 0
-40 -44 -46 -50 0
-39 -40 -50 -55 0
-39 -45 -46 -56 0
-40 -45 -46 -51 0
-39 -40 -51 -56 0
-39 -42 -47 -57 0
-41 -42 -47 -48 0
-39 -41 -48 -57 0
-39 -43 -47 -58 0
-41 -43 -47 -49 0
-39 -41 -49 -58 0
-39 -44 -47 -59 0
-41 -44 -47 -50 0
-39 -41 -50 -59 0
-39 -45 -47 -60 0
-41 -45 -47 -51 0
-39 -41 -51 -60 0
-39 -43 -48 -61 0
-42 -43 -48 -49 0
-39 -42 -49 -61 0
-39 -44 -48 -62 0
-42 -44 -48 -50 0
-39 -42 -50 -62 0
-39 -45 -48 -63 0
-42 -45 -48 -51 0
-39 -42 -51 -63 0
-39 -44 -49 -64 0
-43 -44 -49 -50 0
-39 -43 -50 -64 0
-39 -45 -49 -65 0
-43 -45 -49 -51 0
-39 -43 -51 -65 0
-39 -45 -50 -66 0
-44 -45 -50 -51 0
-39 -44 -51 -66 0
-40 -42 -52 -57 0
-41 -42 -52 -53 0
-40 -41 -53 -57 0
-40 -43 -52 -58 0
-41 -43 -52 -54 0
-40 -41 -54 -58 0
-40 -44 -52 -59 0
-41 -44 -52 -55 0
-40 -41 -55 -59 0
-40 -45 -52 -60 0
-41 -45 -52 -56 0
-40 -41 -56 -60 0
-40 -43 -53 -61 0
-42 -43 -53 -54 0
-40 -42 -54 -61 0
-40 -44 -53 -62 0
-42 -44 -53 -55 0
-40 -42 -55 -62 0
-40 -45 -53 -63 0
-42 -45 -53 -56 0
-40 -42 -56 -63 0
-40 -44 -54 -64 0
-43 -44 -54 -55 0
-40 -43 -55 -64 0
-40 -45 -54 -65 0
-43 -45 -54 -56 0
-40 -43 -56 -65 0
-40 -45 -55 -66 0
-44 -45 -55 -56 0
-40 -44 -56 -66 0
-41 -43 -57 -61 0
-42 -43 -57 -58 0
-41 -42 -58 -61 0
-41 -44 -57 -62 0
-42 -44 -57 -59 0
-41 -42 -59 -62 0
-41 -45 -57 -63 0
-42 -45 -57 -60 0
-41 -42 -60 -63 0
-41 -44 -58 -64 0
-43 -44 -58 -59 0
-41 -43 -59 -64 0
-41 -45 -58 -65 0
-43 -45 -58 -60 0
-41 -43 -60 -65 0
-41 -45 -59 -66 0
-44 -45 -59 -60 0
-41 -44 -60 -66 0
-42 -44 -61 -64 0
-43 -44 -61 -62 0
-42 -43 -62 -64 0
-42 -45 -61 -65 0
-43 -45 -61 -63 0
-42 -43 -63 -65 0
-42 -45 -62 -66 0
-44 -45 -62 -63 0
-42 -44 -63 -66 0
-43 -45 -64 -66 0
-44 -45 -64 -65 0
-43 -44 -65 -66 0
-46 -48 -52 -57 0
-47 -48 -52 -53 0
-46 -47 -53 -57 0
-46 -49 -52 -58 0
-47 -49 -52 -54 0
-46 -47 -54 -58 0
-46 -50 -52 -59 0
-47 -50 -52 -55 0
-46 -47 -55 -59 0
-46 -51 -52 -60 0
-47 -51 -52 -56 0
-46 -47 -56 -60 0
-46 -49 -53 -61 0
-48 -49 -53 -54 0
-46 -48 -54 -61 0
-46 -50 -53 -62 0
-48 -50 -53 -55 0
-46 -48 -55 -62 0
-46 -51 -53 -63 0
-48 -51 -53 -56 0
-46 -48 -56 -63 0
-46 -50 -54 -64 0
-49 -50 -54 -55 0
-46 -49 -55 -64 0
-46 -51 -54 -65 0
-49 -51 -54 -56 0
-46 -49 -56 -65 0
-46 -51 -55 -66 0
-50 -51 -55 -56 0
-46 -50 -56 -66 0
-47 -49 -57 -61 0
-48 -49 -57 -58 0
-47 -48 -58 -61 0
-47 -50 -57 -62 0
-48 -50 -57 -59 0
-47 -48 -59 -62 0
-47 -51 -57 -63 0
-48 -51 -57 -60 0
-47 -48 -60 -63 0
-47 -50 -58 -64 0
-49 -50 -58 -59 0
-47 -49 -59 -64 0
-47 -51 -58 -65 0
-49 -51 -58 -60 0
-47 -49 -60 -65 0
-47 -51 -59 -66 0
-50 -51 -59 -60 0
-47 -50 -60 -66 0
-48 -50 -61 -64 0
-49 -50 -61 -62 0
-48 -49 -62 -64 0
-48 -51 -61 -65 0
-49 -51 -61 -63 0
-48 -49 -63 -65 0
-48 -51 -62 -66 0
-50 -51 -62 -63 0
-48 -50 -63 -66 0
-49 -51 -64 -66 0
-50 -51 -64 -65 0
-49 -50 -65 -66 0
-52 -54 -57 -61 0
-53 -54 -57 -58 0
-52 -53 -58 -61 0
-52 -55 -57 -62 0
-53 -55 -57 -59 0
-52 -53 -59 -62 0
-52 -56 -57 -63 0
-53 -56 -57 -60 0
-52 -53 -60 -63 0
-52 -55 -58 -64 0
-54 -55 -58 -59 0
-52 -54 -59 -64 0
-52 -56 -58 -65 0
-54 -56 -58 -60 0
-52 -54 -60 -65 0
-52 -56 -59 -66 0
-55 -56 -59 -60 0
-52 -55 -60 -66 0
-53 -55 -61 -64 0
-54 -55 -61 -62 0
-53 -54 -62 -64 0
-53 -56 -61 -65 0
-54 -56 -61 -63 0
-53 -54 -63 -65 0
-53 -56 -62 -66 0
-55 -56 -62 -63 0
-53 -55 -63 -66 0
-54 -56 -64 -66 0
-55 -56 -64 -65 0
-54 -55 -65 -66 0
-57 -59 -61 -64 0
-58 -59 -61 -62 0
-57 -58 -62 -64 0
-57 -60 -61 -65 0
-58 -60 -61 -63 0
-57 -58 -63 -65 0
-57 -60 -62 -66 0
-59 -60 -62 -63 0
-57 -59 -63 -66 0
-58 -60 -64 -66 0
-59 -60 -64 -65 0
-58 -59 -65 -66 0
-61 -63 -64 -66 0
-62 -63 -64 -65 0
-61 -62 -65 -66 0
1 -67 0
12 -67 0
2 -67 0
1 -68 0
13 -68 0
3 -68 0
1 -69 0
14 -69 0
4 -69 0
1 -70 0
15 -70 0
5 -70 0
1 -71 0
16 -71 0
6 -71 0
1 -72 0
17 -72 0
7 -72 0
1 -73 0
18 -73 0
8 -73 0
1 -74 0
19 -74 0
9 -74 0
1 -75 0
20 -75 0
10 -75 0
1 -76 0
21 -76 0
11 -76 0
2 -77 0
22 -77 0
3 -77 0
2 -78 0
23 -78 0
4 -78 0
2 -79 0
24 -79 0
5 -79 0
2 -80 0
25 -80 0
6 -80 0
2 -81 0
26 -81 0
7 -81 0
2 -82 0
27 -82 0
8 -82 0
2 -83 0
28 -83 0
9 -83 0
2 -84 0
29 -84 0
10 -84 0
2 -85 0
30 -85 0
11 -85 0
3 -86 0
31 -86 0
4 -86 0
3 -87 0
32 -87 0
5 -87 0
3 -88 0
33 -88 0
6 -88 0
3 -89 0
34 -89 0
7 -89 0
3 -90 0
35 -90 0
8 -90 0
3 -91 0
36 -91 0
9 -91 0
3 -92 0
37 -92 0
10 -92 0
3 -93 0
38 -93 0
11 -93 0
4 -94 0
39 -94 0
5 -94 0
4 -95 0
40 -95 0
6 -95 0
4 -96 0
41 -96 0
7 -96 0
4 -97 0
42 -97 0
8 -97 0
4 -98 0
43 -98 0
9 -98 0
4 -99 0
44 -99 0
10 -99 0
4 -100 0
45 -100 0
11 -100 0
5 -101 0
46 -101 0
6 -101 0
5 -102 0
47 -102 0
7 -102 0
5 -103 0
48 -103 0
8 -103 0
5 -104 0
49 -104 0
9 -104 0
5 -105 0
50 -105 0
10 -105 0
5 -106 0
51 -106 0
11 -106 0
6 -107 0
52 -107 0
7 -107 0
6 -108 0
53 -108 0
8 -108 0
6 -109 0
54 -109 0
9 -109 0
6 -110 0
55 -110 0
10 -110 0
6 -111 0
56 -111 0
11 -111 0
7 -112 0
57 -112 0
8 -112 0
7 -113 0
58 -113 0
9 -113 0
7 -114 0
59 -114 0
10 -114 0
7 -115 0
60 -115 0
11 -115 0
8 -116 0
61 -116 0
9 -116 0
8 -117 0
62 -117 0
10 -117 0
8 -118 0
63 -118 0
11 -118 0
9 -119 0
64 -119 0
10 -119 0
9 -120 0
65 -120 0
11 -120 0
10 -121 0
66 -121 0
11 -121 0
12 -122 0
22 -122 0
13 -122 0
12 -123 0
23 -123 0
14 -123 0
12 -124 0
24 -124 0
15 -124 0
12 -125 0
25 -125 0
16 -125 0
12 -126 0
26 -126 0
17 -126 0
12 -127 0
27 -127 0
18 -127 0
12 -128 0
28 -128 0
19 -128 0
12 -129 0
29 -129 0
20 -129 0
12 -130 0
30 -130 0
21 -130 0
13 -131 0
31 -131 0
14 -131 0
13 -132 0
32 -132 0
15 -132 0
13 -133 0
33 -133 0
16 -133 0
13 -134 0
34 -134 0
17 -134 0
13 -135 0
35 -135 0
18 -135 0
13 -136 0
36 -136 0
19 -136 0
13 -137 0
37 -137 0
20 -137 0
13 -138 0
38 -138 0
21 -138 0
14 -139 0
39 -139 0
15 -139 0
14 -140 0
40 -140 0
16 -140 0
14 -141 0
41 -141 0
17 -141 0
14 -142 0
42 -142 0
18 -142 0
14 -143 0
43 -143 0
19 -143 0
14 -144 0
44 -144 0
20 -144 0
14 -145 0
45 -145 0
21 -145 0
15 -146 0
46 -146 0
16 -146 0
15 -147 0
47 -147 0
17 -147 0
15 -148 0
48 -148 0
18 -148 0
15 -149 0
49 -149 0
19 -149 0
15 -150 0
50 -150 0
20 -150 0
15 -151 0
51 -151 0
21 -151 0
16 -152 0
52 -152 0
17 -152 0
16 -153 0
53 -153 0
18 -153 0
16 -154 0
54 -154 0
19 -154 0
16 -155 0
55 -155 0
20 -155 0
16 -156 0
56 -156 0
21 -156 0
17 -157 0
57 -157 0
18 -157 0
17 -158 0
58 -158 0
19 -158 0
17 -159 0
59 -159 0
20 -159 0
17 -160 0
60 -160 0
21 -160 0
18 -161 0
61 -161 0
19 -161 0
18 -162 0
62 -162 0
20 -162 0
18 -163 0
63 -163 0
21 -163 0
19 -164 0
64 -164 0
20 -164 0
19 -165 0
65 -165 0
21 -165 0
20 -166 0
66 -166 0
21 -166 0
22 -167 0
31 -167 0
23 -167 0
22 -168 0
32 -168 0
24 -168 0
22 -169 0
33 -169 0
25 -169 0
22 -170 0
34 -170 0
26 -170 0
22 -171 0
35 -171 0
27 -171 0
22 -172 0
36 -172 0
28 -172 0
22 -173 0
37 -173 0
29 -173 0
22 -174 0
38 -174 0
30 -174 0
23 -175 0
39 -175 0
24 -175 0
23 -176 0
40 -176 0
25 -176 0
23 -177 0
41 -177 0
26 -177 0
23 -178 0
42 -178 0
27 -178 0
23 -179 0
43 -179 0
28 -179 0
23 -180 0
44 -180 0
29 -180 0
23 -181 0
45 -181 0
30 -181 0
24 -182 0
46 -182 0
25 -182 0
24 -183 0
47 -183 0
26 -183 0
24 -184 0
48 -184 0
27 -184 0
24 -185 0
49 -185 0
28 -185 0
24 -186 0
50 -186 0
29 -186 0
24 -187 0
51 -187 0
30 -187 0
25 -188 0
52 -188 0
26 -188 0
25 -189 0
53 -189 0
27 -189 0
25 -190 0
54 -190 0
28 -190 0
25 -191 0
55 -191 0
29 -191 0
25 -192 0
56 -192 0
30 -192 0
26 -193 0
57 -193 0
27 -193 0
26 -194 0
58 -194 0
28 -194 0
26 -195 0
59 -195 0
29 -195 0
26 -196 0
60 -196 0
30 -196 0
27 -197 0
61 -197 0
28 -197 0
27 -198 0
62 -198 0
29 -198 0
27 -199 0
63 -199 0
30 -199 0
28 -200 0
64 -200 0
29 -200 0
28 -201 0
65 -201 0
30 -201 0
29 -202 0
66 -202 0
30 -202 0
31 -203 0
39 -203 0
32 -203 0
31 -204 0
40 -204 0
33 -204 0
31 -205 0
41 -205 0
34 -205 0
31 -206 0
42 -206 0
35 -206 0
31 -207 0
43 -207 0
36 -207 0
31 -208 0
44 -208 0
37 -208 0
31 -209 0
45 -209 0
38 -209 0
32 -210 0
46 -210 0
33 -210 0
32 -211 0
47 -211 0
34 -211 0
32 -212 0
48 -212 0
35 -212 0
32 -213 0
49 -213 0
36 -213 0
32 -214 0
50 -214 0
37 -214 0
32 -215 0
51 -215 0
38 -215 0
33 -216 0
52 -216 0
34 -216 0
33 -217 0
53 -217 0
35 -217 0
33 -218 0
54 -218 0
36 -218 0
33 -219 0
55 -219 0
37 -219 0
33 -220 0
56 -220 0
38 -220 0
34 -221 0
57 -221 0
35 -221 0
34 -222 0
58 -222 0
36 -222 0
34 -223 0
59 -223 0
37 -223 0
34 -224 0
60 -224 0
38 -224 0
35 -225 0
61 -225 0
36 -225 0
35 -226 0
62 -226 0
37 -226 0
35 -227 0
63 -227 0
38 -227 0
36 -228 0
64 -228 0
37 -228 0
36 -229 0
65 -229 0
38 -229 0
37 -230 0
66 -230 0
38 -230 0
39 -231 0
46 -231 0
40 -231 0
39 -232 0
47 -232 0
41 -232 0
39 -233 0
48 -233 0
42 -233 0
39 -234 0
49 -234 0
43 -234 0
39 -235 0
50 -235 0
44 -235 0
39 -236 0
51 -236 0
45 -236 0
40 -237 0
52 -237 0
41 -237 0
40 -238 0
53 -238 0
42 -238 0
40 -239 0
54 -239 0
43 -239 0
40 -240 0
55 -240 0
44 -240 0
40 -241 0
56 -241 0
45 -241 0
41 -242 0
57 -242 0
42 -242 0
41 -243 0
58 -243 0
43 -243 0
41 -244 0
59 -244 0
44 -244 0
41 -245 0
60 -245 0
45 -245 0
42 -246 0
61 -246 0
43 -246 0
42 -247 0
62 -247 0
44 -247 0
42 -248 0
63 -248 0
45 -248 0
43 -249 0
64 -249 0
44 -249 0
43 -250 0
65 -250 0
45 -250 0
44 -251 0
66 -251 0
45 -251 0
46 -252 0
52 -252 0
47 -252 0
46 -253 0
53 -253 0
48 -253 0
46 -254 0
54 -254 0
49 -254 0
46 -255 0
55 -255 0
50 -255 0
46 -256 0
56 -256 0
51 -256 0
47 -257 0
57 -257 0
48 -257 0
47 -258 0
58 -258 0
49 -258 0
47 -259 0
59 -259 0
50 -259 0
47 -260 0
60 -260 0
51 -260 0
48 -261 0
61 -261 0
49 -261 0
48 -262 0
62 -262 0
50 -262 0
48 -263 0
63 -263 0
51 -263 0
49 -264 0
64 -264 0
50 -264 0
49 -265 0
65 -265 0
51 -265 0
50 -266 0
66 -266 0
51 -266 0
52 -267 0
57 -267 0
53 -267 0
52 -268 0
58 -268 0
54 -268 0
52 -269 0
59 -269 0
55 -269 0
52 -270 0
60 -270 0
56 -270 0
53 -271 0
61 -271 0
54 -271 0
53 -272 0
62 -272 0
55 -272 0
53 -273 0
63 -273 0
56 -273 0
54 -274 0
64 -274 0
55 -274 0
54 -275 0
65 -275 0
56 -275 0
55 -276 0
66 -276 0
56 -276 0
57 -277 0
61 -277 0
58 -277 0
57 -278 0
62 -278 0
59 -278 0
57 -279 0
63 -279 0
60 -279 0
58 -280 0
64 -280 0
59 -280 0
58 -281 0
65 -281 0
60 -281 0
59 -282 0
66 -282 0
60 -282 0
61 -283 0
64 -283 0
62 -283 0
61 -284 0
65 -284 0
63 -284 0
62 -285 0
66 -285 0
63 -285 0
64 -286 0
66 -286 0
65 -286 0
67 68 69 70 71 72 73 74 75 76 77 78 79 80 81 82 83 84 85 86 87 88 89 90 91 92 93 94 95 96 97 98 99 100 101 102 103 104 105 106 107 108 109 110 111 112 113 114 115 116 117 118 119 120 121 0
67 68 69 70 71 72 73 74 75 76 122 123 124 125 126 127 128 129 130 131 132 133 134 135 136 137 138 139 140 141 142 143 144 145 146 147 148 149 150 151 152 153 154 155 156 157 158 159 160 161 162 163 164 165 166 0
67 77 78 79 80 81 82 83 84 85 122 123 124 125 126 127 128 129 130 167 168 169 170 171 172 173 174 175 176 177 178 179 180 181 182 183 184 185 186 187 188 189 190 191 192 193 194 195 196 197 198 199 200 201 202 0
68 77 86 87 88 89 90 91 92 93 122 131 132 133 134 135 136 137 138 167 168 169 170 171 172 173 174 203 204 205 206 207 208 209 210 211 212 213 214 215 216 217 218 219 220 221 222 223 224 225 226 227 228 229 230 0
69 78 86 94 95 96 97 98 99 100 123 131 139 140 141 142 143 144 145 167 175 176 177 178 179 180 181 203 204 205 206 207 208 209 231 232 233 234 235 236 237 238 239 240 241 242 243 244 245 246 247 248 249 250 251 0
70 79 87 94 101 102 103 104 105 106 124 132 139 146 147 148 149 150 151 168 175 182 183 184 185 186 187 203 210 211 212 213 214 215 231 232 233 234 235 236 252 253 254 255 256 257 258 259 260 261 262 263 264 265 266 0
71 80 88 95 101 107 108 109 110 111 125 133 140 146 152 153 154 155 156 169 176 182 188 189 190 191 192 204 210 216 217 218 219 220 231 237 238 239 240 241 252 253 254 255 256 267 268 269 270 271 272 273 274 275 276 0
72 81 89 96 102 107 112 113 114 115 126 134 141 147 152 157 158 159 160 170 177 183 188 193 194 195 196 205 211 216 221 222 223 224 232 237 242 243 244 245 252 257 258 259 260 267 268 269 270 277 278 279 280 281 282 0
73 82 90 97 103 108 112 116 117 118 127 135 142 148 153 157 161 162 163 171 178 184 189 193 197 198 199 206 212 217 221 225 226 227 233 238 242 246 247 248 253 257 261 262 263 267 271 272 273 277 278 279 283 284 285 0
74 83 91 98 104 109 113 116 119 120 128 136 143 149 154 158 161 164 165 172 179 185 190 194 197 200 201 207 213 218 222 225 228 229 234 239 243 246 249 250 254 258 261 264 265 268 271 274 275 277 280 281 283 284 286 0
75 84 92 99 105 110 114 117 119 121 129 137 144 150 155 159 162 164 166 173 180 186 191 195 198 200 202 208 214 219 223 226 228 230 235 240 244 247 249 251 255 259 262 264 266 269 272 274 276 278 280 282 283 285 286 0
76 85 93 100 106 111 115 118 120 121 130 138 145 151 156 160 163 165 166 174 181 187 192 196 199 201 202 209 215 220 224 227 229 230 236 241 245 248 250 251 256 260 263 265 266 270 273 275 276 279 281 282 284 285 286 0
-287 288 0
-1 -289 288 0
-288 287 1 0
-288 287 289 0
-290 291 0
-1 -287 291 0
-291 290 1 0
-291 290 287 0
-292 293 0
-1 -290 293 0
-293 292 1 0
-293 292 290 0
-288 294 0
-2 -295 294 0
-294 288 2 0
-294 288 295 0
-291 296 0
-2 -288 296 0
-296 291 2 0
-296 291 288 0
-293 297 0
-2 -291 297 0
-297 293 2 0
-297 293 291 0
-294 298 0
-3 -299 298 0
-298 294 3 0
-298 294 299 0
-296 300 0
-3 -294 300 0
-300 296 3 0
-300 296 294 0
-297 301 0
-3 -296 301 0
-301 297 3 0
-301 297 296 0
-298 302 0
-4 -303 302 0
-302 298 4 0
-302 298 303 0
-300 304 0
-4 -298 304 0
-304 300 4 0
-304 300 298 0
-301 305 0
-4 -300 305 0
-305 301 4 0
-305 301 300 0
-302 306 0
-5 -307 306 0
-306 302 5 0
-306 302 307 0
-304 308 0
-5 -302 308 0
-308 304 5 0
-308 304 302 0
-305 309 0
-5 -304 309 0
-309 305 5 0
-309 305 304 0
-306 310 0
-6 -311 310 0
-310 306 6 0
-310 306 311 0
-308 312 0
-6 -306 312 0
-312 308 6 0
-312 308 306 0
-309 313 0
-6 -308 313 0
-313 309 6 0
-313 309 308 0
-310 314 0
-7 -315 314 0
-314 310 7 0
-314 310 315 0
-312 316 0
-7 -310 316 0
-316 312 7 0
-316 312 310 0
-313 317 0
-7 -312 317 0
-317 313 7 0
-317 313 312 0
-314 318 0
-8 -319 318 0
-318 314 8 0
-318 314 319 0
-316 320 0
-8 -314 320 0
-320 316 8 0
-320 316 314 0
-317 321 0
-8 -316 321 0
-321 317 8 0
-321 317 316 0
-318 322 0
-9 -323 322 0
-322 318 9 0
-322 318 323 0
-320 324 0
-9 -318 324 0
-324 320 9 0
-324 320 318 0
-321 325 0
-9 -320 325 0
-325 321 9 0
-325 321 320 0
-322 326 0
-10 -327 326 0
-326 322 10 0
-326 322 327 0
-324 328 0
-10 -322 328 0
-328 324 10 0
-328 324 322 0
-325 329 0
-10 -324 329 0
-329 325 10 0
-329 325 324 0
-326 330 0
-11 -331 330 0
-330 326 11 0
-330 326 331 0
-328 332 0
-11 -326 332 0
-332 328 11 0
-332 328 326 0
-329 333 0
-11 -328 333 0
-333 329 11 0
-333 329 328 0
-334 335 0
-12 -336 335 0
-335 334 12 0
-335 334 336 0
-337 338 0
-12 -334 338 0
-338 337 12 0
-338 337 334 0
-339 340 0
-12 -337 340 0
-340 339 12 0
-340 339 337 0
-335 341 0
-13 -342 341 0
-341 335 13 0
-341 335 342 0
-338 343 0
-13 -335 343 0
-343 338 13 0
-343 338 335 0
-340 344 0
-13 -338 344 0
-344 340 13 0
-344 340 338 0
-341 345 0
-14 -346 345 0
-345 341 14 0
-345 341 346 0
-343 347 0
-14 -341 347 0
-347 343 14 0
-347 343 341 0
-344 348 0
-14 -343 348 0
-348 344 14 0
-348 344 343 0
-345 349 0
-15 -350 349 0
-349 345 15 0
-349 345 350 0
-347 351 0
-15 -345 351 0
-351 347 15 0
-351 347 345 0
-348 352 0
-15 -347 352 0
-352 348 15 0
-352 348 347 0
-349 353 0
-16 -354 353 0
-353 349 16 0
-353 349 354 0
-351 355 0
-16 -349 355 0
-355 351 16 0
-355 351 349 0
-352 356 0
-16 -351 356 0
-356 352 16 0
-356 352 351 0
-353 357 0
-17 -358 357 0
-357 353 17 0
-357 353 358 0
-355 359 0
-17 -353 359 0
-359 355 17 0
-359 355 353 0
-356 360 0
-17 -355 360 0
-360 356 17 0
-360 356 355 0
-357 361 0
-18 -362 361 0
-361 357 18 0
-361 357 362 0
-359 363 0
-18 -357 363 0
-363 359 18 0
-363 359 357 0
-360 364 0
-18 -359 364 0
-364 360 18 0
-364 360 359 0
-361 365 0
-19 -366 365 0
-365 361 19 0
-365 361 366 0
-363 367 0
-19 -361 367 0
-367 363 19 0
-367 363 361 0
-364 368 0
-19 -363 368 0
-368 364 19 0
-368 364 363 0
-365 369 0
-20 -370 369 0
-369 365 20 0
-369 365 370 0
-367 371 0
-20 -365 371 0
-371 367 20 0
-371 367 365 0
-368 372 0
-20 -367 372 0
-372 368 20 0
-372 368 367 0
-369 373 0
-21 -374 373 0
-373 369 21 0
-373 369 374 0
-371 375 0
-21 -369 375 0
-375 371 21 0
-375 371 369 0
-372 376 0
-21 -371 376 0
-376 372 21 0
-376 372 371 0
-373 377 0
-1 -378 377 0
-377 373 1 0
-377 373 378 0
-375 379 0
-1 -373 379 0
-379 375 1 0
-379 375 373 0
-376 380 0
-1 -375 380 0
-380 376 1 0
-380 376 375 0
-381 382 0
-22 -383 382 0
-382 381 22 0
-382 381 383 0
-384 385 0
-22 -381 385 0
-385 384 22 0
-385 384 381 0
-386 387 0
-22 -384 387 0
-387 386 22 0
-387 386 384 0
-382 388 0
-23 -389 388 0
-388 382 23 0
-388 382 389 0
-385 390 0
-23 -382 390 0
-390 385 23 0
-390 385 382 0
-387 391 0
-23 -385 391 0
-391 387 23 0
-391 387 385 0
-388 392 0
-24 -393 392 0
-392 388 24 0
-392 388 393 0
-390 394 0
-24 -388 394 0
-394 390 24 0
-394 390 388 0
-391 395 0
-24 -390 395 0
-395 391 24 0
-395 391 390 0
-392 396 0
-25 -397 396 0
-396 392 25 0
-396 392 397 0
-394 398 0
-25 -392 398 0
-398 394 25 0
-398 394 392 0
-395 399 0
-25 -394 399 0
-399 395 25 0
-399 395 394 0
-396 400 0
-26 -401 400 0
-400 396 26 0
-400 396 401 0
-398 402 0
-26 -396 402 0
-402 398 26 0
-402 398 396 0
-399 403 0
-26 -398 403 0
-403 399 26 0
-403 399 398 0
-400 404 0
-27 -405 404 0
-404 400 27 0
-404 400 405 0
-402 406 0
-27 -400 406 0
-406 402 27 0
-406 402 400 0
-403 407 0
-27 -402 407 0
-407 403 27 0
-407 403 402 0
-404 408 0
-28 -409 408 0
-408 404 28 0
-408 404 409 0
-406 410 0
-28 -404 410 0
-410 406 28 0
-410 406 404 0
-407 411 0
-28 -406 411 0
-411 407 28 0
-411 407 406 0
-408 412 0
-29 -413 412 0
-412 408 29 0
-412 408 413 0
-410 414 0
-29 -408 414 0
-414 410 29 0
-414 410 408 0
-411 415 0
-29 -410 415 0
-415 411 29 0
-415 411 410 0
-412 416 0
-30 -417 416 0
-416 412 30 0
-416 412 417 0
-414 418 0
-30 -412 418 0
-418 414 30 0
-418 414 412 0
-415 419 0
-30 -414 419 0
-419 415 30 0
-419 415 414 0
-416 420 0
-2 -421 420 0
-420 416 2 0
-420 416 421 0
-418 422 0
-2 -416 422 0
-422 418 2 0
-422 418 416 0
-419 423 0
-2 -418 423 0
-423 419 2 0
-423 419 418 0
-420 424 0
-12 -425 424 0
-424 420 12 0
-424 420 425 0
-422 426 0
-12 -420 426 0
-426 422 12 0
-426 422 420 0
-423 427 0
-12 -422 427 0
-427 423 12 0
-427 423 422 0
-428 429 0
-31 -430 429 0
-429 428 31 0
-429 428 430 0
-431 432 0
-31 -428 432 0
-432 431 31 0
-432 431 428 0
-433 434 0
-31 -431 434 0
-434 433 31 0
-434 433 431 0
-429 435 0
-32 -436 435 0
-435 429 32 0
-435 429 436 0
-432 437 0
-32 -429 437 0
-437 432 32 0
-437 432 429 0
-434 438 0
-32 -432 438 0
-438 434 32 0
-438 434 432 0
-435 439 0
-33 -440 439 0
-439 435 33 0
-439 435 440 0
-437 441 0
-33 -435 441 0
-441 437 33 0
-441 437 435 0
-438 442 0
-33 -437 442 0
-442 438 33 0
-442 438 437 0
-439 443 0
-34 -444 443 0
-443 439 34 0
-443 439 444 0
-441 445 0
-34 -439 445 0
-445 441 34 0
-445 441 439 0
-442 446 0
-34 -441 446 0
-446 442 34 0
-446 442 441 0
-443 447 0
-35 -448 447 0
-447 443 35 0
-447 443 448 0
-445 449 0
-35 -443 449 0
-449 445 35 0
-449 445 443 0
-446 450 0
-35 -445 450 0
-450 446 35 0
-450 446 445 0
-447 451 0
-36 -452 451 0
-451 447 36 0
-451 447 452 0
-449 453 0
-36 -447 453 0
-453 449 36 0
-453 449 447 0
-450 454 0
-36 -449 454 0
-454 450 36 0
-454 450 449 0
-451 455 0
-37 -456 455 0
-455 451 37 0
-455 451 456 0
-453 457 0
-37 -451 457 0
-457 453 37 0
-457 453 451 0
-454 458 0
-37 -453 458 0
-458 454 37 0
-458 454 453 0
-455 459 0
-38 -460 459 0
-459 455 38 0
-459 455 460 0
-457 461 0
-38 -455 461 0
-461 457 38 0
-461 457 455 0
-458 462 0
-38 -457 462 0
-462 458 38 0
-462 458 457 0
-459 463 0
-3 -464 463 0
-463 459 3 0
-463 459 464 0
-461 465 0
-3 -459 465 0
-465 461 3 0
-465 461 459 0
-462 466 0
-3 -461 466 0
-466 462 3 0
-466 462 461 0
-463 467 0
-13 -468 467 0
-467 463 13 0
-467 463 468 0
-465 469 0
-13 -463 469 0
-469 465 13 0
-469 465 463 0
-466 470 0
-13 -465 470 0
-470 466 13 0
-470 466 465 0
-467 471 0
-22 -472 471 0
-471 467 22 0
-471 467 472 0
-469 473 0
-22 -467 473 0
-473 469 22 0
-473 469 467 0
-470 474 0
-22 -469 474 0
-474 470 22 0
-474 470 469 0
-475 476 0
-39 -477 476 0
-476 475 39 0
-476 475 477 0
-478 479 0
-39 -475 479 0
-479 478 39 0
-479 478 475 0
-480 481 0
-39 -478 481 0
-481 480 39 0
-481 480 478 0
-476 482 0
-40 -483 482 0
-482 476 40 0
-482 476 483 0
-479 484 0
-40 -476 484 0
-484 479 40 0
-484 479 476 0
-481 485 0
-40 -479 485 0
-485 481 40 0
-485 481 479 0
-482 486 0
-41 -487 486 0
-486 482 41 0
-486 482 487 0
-484 488 0
-41 -482 488 0
-488 484 41 0
-488 484 482 0
-485 489 0
-41 -484 489 0
-489 485 41 0
-489 485 484 0
-486 490 0
-42 -491 490 0
-490 486 42 0
-490 486 491 0
-488 492 0
-42 -486 492 0
-492 488 42 0
-492 488 486 0
-489 493 0
-42 -488 493 0
-493 489 42 0
-493 489 488 0
-490 494 0
-43 -495 494 0
-494 490 43 0
-494 490 495 0
-492 496 0
-43 -490 496 0
-496 492 43 0
-496 492 490 0
-493 497 0
-43 -492 497 0
-497 493 43 0
-497 493 492 0
-494 498 0
-44 -499 498 0
-498 494 44 0
-498 494 499 0
-496 500 0
-44 -494 500 0
-500 496 44 0
-500 496 494 0
-497 501 0
-44 -496 501 0
-501 497 44 0
-501 497 496 0
-498 502 0
-45 -503 502 0
-502 498 45 0
-502 498 503 0
-500 504 0
-45 -498 504 0
-504 500 45 0
-504 500 498 0
-501 505 0
-45 -500 505 0
-505 501 45 0
-505 501 500 0
-502 506 0
-4 -507 506 0
-506 502 4 0
-506 502 507 0
-504 508 0
-4 -502 508 0
-508 504 4 0
-508 504 502 0
-505 509 0
-4 -504 509 0
-509 505 4 0
-509 505 504 0
-506 510 0
-14 -511 510 0
-510 506 14 0
-510 506 511 0
-508 512 0
-14 -506 512 0
-512 508 14 0
-512 508 506 0
-509 513 0
-14 -508 513 0
-513 509 14 0
-513 509 508 0
-510 514 0
-23 -515 514 0
-514 510 23 0
-514 510 515 0
-512 516 0
-23 -510 516 0
-516 512 23 0
-516 512 510 0
-513 517 0
-23 -512 517 0
-517 513 23 0
-517 513 512 0
-514 518 0
-31 -519 518 0
-518 514 31 0
-518 514 519 0
-516 520 0
-31 -514 520 0
-520 516 31 0
-520 516 514 0
-517 521 0
-31 -516 521 0
-521 517 31 0
-521 517 516 0
-522 523 0
-46 -524 523 0
-523 522 46 0
-523 522 524 0
-525 526 0
-46 -522 526 0
-526 525 46 0
-526 525 522 0
-527 528 0
-46 -525 528 0
-528 527 46 0
-528 527 525 0
-523 529 0
-47 -530 529 0
-529 523 47 0
-529 523 530 0
-526 531 0
-47 -523 531 0
-531 526 47 0
-531 526 523 0
-528 532 0
-47 -526 532 0
-532 528 47 0
-532 528 526 0
-529 533 0
-48 -534 533 0
-533 529 48 0
-533 529 534 0
-531 535 0
-48 -529 535 0
-535 531 48 0
-535 531 529 0
-532 536 0
-48 -531 536 0
-536 532 48 0
-536 532 531 0
-533 537 0
-49 -538 537 0
-537 533 49 0
-537 533 538 0
-535 539 0
-49 -533 539 0
-539 535 49 0
-539 535 533 0
-536 540 0
-49 -535 540 0
-540 536 49 0
-540 536 535 0
-537 541 0
-50 -542 541 0
-541 537 50 0
-541 537 542 0
-539 543 0
-50 -537 543 0
-543 539 50 0
-543 539 537 0
-540 544 0
-50 -539 544 0
-544 540 50 0
-544 540 539 0
-541 545 0
-51 -546 545 0
-545 541 51 0
-545 541 546 0
-543 547 0
-51 -541 547 0
-547 543 51 0
-547 543 541 0
-544 548 0
-51 -543 548 0
-548 544 51 0
-548 544 543 0
-545 549 0
-5 -550 549 0
-549 545 5 0
-549 545 550 0
-547 551 0
-5 -545 551 0
-551 547 5 0
-551 547 545 0
-548 552 0
-5 -547 552 0
-552 548 5 0
-552 548 547 0
-549 553 0
-15 -554 553 0
-553 549 15 0
-553 549 554 0
-551 555 0
-15 -549 555 0
-555 551 15 0
-555 551 549 0
-552 556 0
-15 -551 556 0
-556 552 15 0
-556 552 551 0
-553 557 0
-24 -558 557 0
-557 553 24 0
-557 553 558 0
-555 559 0
-24 -553 559 0
-559 555 24 0
-559 555 553 0
-556 560 0
-24 -555 560 0
-560 556 24 0
-560 556 555 0
-557 561 0
-32 -562 561 0
-561 557 32 0
-561 557 562 0
-559 563 0
-32 -557 563 0
-563 559 32 0
-563 559 557 0
-560 564 0
-32 -559 564 0
-564 560 32 0
-564 560 559 0
-561 565 0
-39 -566 565 0
-565 561 39 0
-565 561 566 0
-563 567 0
-39 -561 567 0
-567 563 39 0
-567 563 561 0
-564 568 0
-39 -563 568 0
-568 564 39 0
-568 564 563 0
-569 570 0
-52 -571 570 0
-570 569 52 0
-570 569 571 0
-572 573 0
-52 -569 573 0
-573 572 52 0
-573 572 569 0
-574 575 0
-52 -572 575 0
-575 574 52 0
-575 574 572 0
-570 576 0
-53 -577 576 0
-576 570 53 0
-576 570 577 0
-573 578 0
-53 -570 578 0
-578 573 53 0
-578 573 570 0
-575 579 0
-53 -573 579 0
-579 575 53 0
-579 575 573 0
-576 580 0
-54 -581 580 0
-580 576 54 0
-580 576 581 0
-578 582 0
-54 -576 582 0
-582 578 54 0
-582 578 576 0
-579 583 0
-54 -578 583 0
-583 579 54 0
-583 579 578 0
-580 584 0
-55 -585 584 0
-584 580 55 0
-584 580 585 0
-582 586 0
-55 -580 586 0
-586 582 55 0
-586 582 580 0
-583 587 0
-55 -582 587 0
-587 583 55 0
-587 583 582 0
-584 588 0
-56 -589 588 0
-588 584 56 0
-588 584 589 0
-586 590 0
-56 -584 590 0
-590 586 56 0
-590 586 584 0
-587 591 0
-56 -586 591 0
-591 587 56 0
-591 587 586 0
-588 592 0
-6 -593 592 0
-592 588 6 0
-592 588 593 0
-590 594 0
-6 -588 594 0
-594 590 6 0
-594 590 588 0
-591 595 0
-6 -590 595 0
-595 591 6 0
-595 591 590 0
-592 596 0
-16 -597 596 0
-596 592 16 0
-596 592 597 0
-594 598 0
-16 -592 598 0
-598 594 16 0
-598 594 592 0
-595 599 0
-16 -594 599 0
-599 595 16 0
-599 595 594 0
-596 600 0
-25 -601 600 0
-600 596 25 0
-600 596 601 0
-598 602 0
-25 -596 602 0
-602 598 25 0
-602 598 596 0
-599 603 0
-25 -598 603 0
-603 599 25 0
-603 599 598 0
-600 604 0
-33 -605 604 0
-604 600 33 0
-604 600 605 0
-602 606 0
-33 -600 606 0
-606 602 33 0
-606 602 600 0
-603 607 0
-33 -602 607 0
-607 603 33 0
-607 603 602 0
-604 608 0
-40 -609 608 0
-608 604 40 0
-608 604 609 0
-606 610 0
-40 -604 610 0
-610 606 40 0
-610 606 604 0
-607 611 0
-40 -606 611 0
-611 607 40 0
-611 607 606 0
-608 612 0
-46 -613 612 0
-612 608 46 0
-612 608 613 0
-610 614 0
-46 -608 614 0
-614 610 46 0
-614 610 608 0
-611 615 0
-46 -610 615 0
-615 611 46 0
-615 611 610 0
-616 617 0
-57 -618 617 0
-617 616 57 0
-617 616 618 0
-619 620 0
-57 -616 620 0
-620 619 57 0
-620 619 616 0
-621 622 0
-57 -619 622 0
-622 621 57 0
-622 621 619 0
-617 623 0
-58 -624 623 0
-623 617 58 0
-623 617 624 0
-620 625 0
-58 -617 625 0
-625 620 58 0
-625 620 617 0
-622 626 0
-58 -620 626 0
-626 622 58 0
-626 622 620 0
-623 627 0
-59 -628 627 0
-627 623 59 0
-627 623 628 0
-625 629 0
-59 -623 629 0
-629 625 59 0
-629 625 623 0
-626 630 0
-59 -625 630 0
-630 626 59 0
-630 626 625 0
-627 631 0
-60 -632 631 0
-631 627 60 0
-631 627 632 0
-629 633 0
-60 -627 633 0
-633 629 60 0
-633 629 627 0
-630 634 0
-60 -629 634 0
-634 630 60 0
-634 630 629 0
-631 635 0
-7 -636 635 0
-635 631 7 0
-635 631 636 0
-633 637 0
-7 -631 637 0
-637 633 7 0
-637 633 631 0
-634 638 0
-7 -633 638 0
-638 634 7 0
-638 634 633 0
-635 639 0
-17 -640 639 0
-639 635 17 0
-639 635 640 0
-637 641 0
-17 -635 641 0
-641 637 17 0
-641 637 635 0
-638 642 0
-17 -637 642 0
-642 638 17 0
-642 638 637 0
-639 643 0
-26 -644 643 0
-643 639 26 0
-643 639 644 0
-641 645 0
-26 -639 645 0
-645 641 26 0
-645 641 639 0
-642 646 0
-26 -641 646 0
-646 642 26 0
-646 642 641 0
-643 647 0
-34 -648 647 0
-647 643 34 0
-647 643 648 0
-645 649 0
-34 -643 649 0
-649 645 34 0
-649 645 643 0
-646 650 0
-34 -645 650 0
-650 646 34 0
-650 646 645 0
-647 651 0
-41 -652 651 0
-651 647 41 0
-651 647 652 0
-649 653 0
-41 -647 653 0
-653 649 41 0
-653 649 647 0
-650 654 0
-41 -649 654 0
-654 650 41 0
-654 650 649 0
-651 655 0
-47 -656 655 0
-655 651 47 0
-655 651 656 0
-653 657 0
-47 -651 657 0
-657 653 47 0
-657 653 651 0
-654 658 0
-47 -653 658 0
-658 654 47 0
-658 654 653 0
-655 659 0
-52 -660 659 0
-659 655 52 0
-659 655 660 0
-657 661 0
-52 -655 661 0
-661 657 52 0
-661 657 655 0
-658 662 0
-52 -657 662 0
-662 658 52 0
-662 658 657 0
-663 664 0
-61 -665 664 0
-664 663 61 0
-664 663 665 0
-666 667 0
-61 -663 667 0
-667 666 61 0
-667 666 663 0
-668 669 0
-61 -666 669 0
-669 668 61 0
-669 668 666 0
-664 670 0
-62 -671 670 0
-670 664 62 0
-670 664 671 0
-667 672 0
-62 -664 672 0
-672 667 62 0
-672 667 664 0
-669 673 0
-62 -667 673 0
-673 669 62 0
-673 669 667 0
-670 674 0
-63 -675 674 0
-674 670 63 0
-674 670 675 0
-672 676 0
-63 -670 676 0
-676 672 63 0
-676 672 670 0
-673 677 0
-63 -672 677 0
-677 673 63 0
-677 673 672 0
-674 678 0
-8 -679 678 0
-678 674 8 0
-678 674 679 0
-676 680 0
-8 -674 680 0
-680 676 8 0
-680 676 674 0
-677 681 0
-8 -676 681 0
-681 677 8 0
-681 677 676 0
-678 682 0
-18 -683 682 0
-682 678 18 0
-682 678 683 0
-680 684 0
-18 -678 684 0
-684 680 18 0
-684 680 678 0
-681 685 0
-18 -680 685 0
-685 681 18 0
-685 681 680 0
-682 686 0
-27 -687 686 0
-686 682 27 0
-686 682 687 0
-684 688 0
-27 -682 688 0
-688 684 27 0
-688 684 682 0
-685 689 0
-27 -684 689 0
-689 685 27 0
-689 685 684 0
-686 690 0
-35 -691 690 0
-690 686 35 0
-690 686 691 0
-688 692 0
-35 -686 692 0
-692 688 35 0
-692 688 686 0
-689 693 0
-35 -688 693 0
-693 689 35 0
-693 689 688 0
-690 694 0
-42 -695 694 0
-694 690 42 0
-694 690 695 0
-692 696 0
-42 -690 696 0
-696 692 42 0
-696 692 690 0
-693 697 0
-42 -692 697 0
-697 693 42 0
-697 693 692 0
-694 698 0
-48 -699 698 0
-698 694 48 0
-698 694 699 0
-696 700 0
-48 -694 700 0
-700 696 48 0
-700 696 694 0
-697 701 0
-48 -696 701 0
-701 697 48 0
-701 697 696 0
-698 702 0
-53 -703 702 0
-702 698 53 0
-702 698 703 0
-700 704 0
-53 -698 704 0
-704 700 53 0
-704 700 698 0
-701 705 0
-53 -700 705 0
-705 701 53 0
-705 701 700 0
-702 706 0
-57 -707 706 0
-706 702 57 0
-706 702 707 0
-704 708 0
-57 -702 708 0
-708 704 57 0
-708 704 702 0
-705 709 0
-57 -704 709 0
-709 705 57 0
-709 705 704 0
-710 711 0
-64 -712 711 0
-711 710 64 0
-711 710 712 0
-713 714 0
-64 -710 714 0
-714 713 64 0
-714 713 710 0
-715 716 0
-64 -713 716 0
-716 715 64 0
-716 715 713 0
-711 717 0
-65 -718 717 0
-717 711 65 0
-717 711 718 0
-714 719 0
-65 -711 719 0
-719 714 65 0
-719 714 711 0
-716 720 0
-65 -714 720 0
-720 716 65 0
-720 716 714 0
-717 721 0
-9 -722 721 0
-721 717 9 0
-721 717 722 0
-719 723 0
-9 -717 723 0
-723 719 9 0
-723 719 717 0
-720 724 0
-9 -719 724 0
-724 720 9 0
-724 720 719 0
-721 725 0
-19 -726 725 0
-725 721 19 0
-725 721 726 0
-723 727 0
-19 -721 727 0
-727 723 19 0
-727 723 721 0
-724 728 0
-19 -723 728 0
-728 724 19 0
-728 724 723 0
-725 729 0
-28 -730 729 0
-729 725 28 0
-729 725 730 0
-727 731 0
-28 -725 731 0
-731 727 28 0
-731 727 725 0
-728 732 0
-28 -727 732 0
-732 728 28 0
-732 728 727 0
-729 733 0
-36 -734 733 0
-733 729 36 0
-733 729 734 0
-731 735 0
-36 -729 735 0
-735 731 36 0
-735 731 729 0
-732 736 0
-36 -731 736 0
-736 732 36 0
-736 732 731 0
-733 737 0
-43 -738 737 0
-737 733 43 0
-737 733 738 0
-735 739 0
-43 -733 739 0
-739 735 43 0
-739 735 733 0
-736 740 0
-43 -735 740 0
-740 736 43 0
-740 736 735 0
-737 741 0
-49 -742 741 0
-741 737 49 0
-741 737 742 0
-739 743 0
-49 -737 743 0
-743 739 49 0
-743 739 737 0
-740 744 0
-49 -739 744 0
-744 740 49 0
-744 740 739 0
-741 745 0
-54 -746 745 0
-745 741 54 0
-745 741 746 0
-743 747 0
-54 -741 747 0
-747 743 54 0
-747 743 741 0
-744 748 0
-54 -743 748 0
-748 744 54 0
-748 744 743 0
-745 749 0
-58 -750 749 0
-749 745 58 0
-749 745 750 0
-747 751 0
-58 -745 751 0
-751 747 58 0
-751 747 745 0
-748 752 0
-58 -747 752 0
-752 748 58 0
-752 748 747 0
-749 753 0
-61 -754 753 0
-753 749 61 0
-753 749 754 0
-751 755 0
-61 -749 755 0
-755 751 61 0
-755 751 749 0
-752 756 0
-61 -751 756 0
-756 752 61 0
-756 752 751 0
-757 758 0
-66 -759 758 0
-758 757 66 0
-758 757 759 0
-760 761 0
-66 -757 761 0
-761 760 66 0
-761 760 757 0
-762 763 0
-66 -760 763 0
-763 762 66 0
-763 762 760 0
-758 764 0
-10 -765 764 0
-764 758 10 0
-764 758 765 0
-761 766 0
-10 -758 766 0
-766 761 10 0
-766 761 758 0
-763 767 0
-10 -761 767 0
-767 763 10 0
-767 763 761 0
-764 768 0
-20 -769 768 0
-768 764 20 0
-768 764 769 0
-766 770 0
-20 -764 770 0
-770 766 20 0
-770 766 764 0
-767 771 0
-20 -766 771 0
-771 767 20 0
-771 767 766 0
-768 772 0
-29 -773 772 0
-772 768 29 0
-772 768 773 0
-770 774 0
-29 -768 774 0
-774 770 29 0
-774 770 768 0
-771 775 0
-29 -770 775 0
-775 771 29 0
-775 771 770 0
-772 776 0
-37 -777 776 0
-776 772 37 0
-776 772 777 0
-774 778 0
-37 -772 778 0
-778 774 37 0
-778 774 772 0
-775 779 0
-37 -774 779 0
-779 775 37 0
-779 775 774 0
-776 780 0
-44 -781 780 0
-780 776 44 0
-780 776 781 0
-778 782 0
-44 -776 782 0
-782 778 44 0
-782 778 776 0
-779 783 0
-44 -778 783 0
-783 779 44 0
-783 779 778 0
-780 784 0
-50 -785 784 0
-784 780 50 0
-784 780 785 0
-782 786 0
-50 -780 786 0
-786 782 50 0
-786 782 780 0
-783 787 0
-50 -782 787 0
-787 783 50 0
-787 783 782 0
-784 788 0
-55 -789 788 0
-788 784 55 0
-788 784 789 0
-786 790 0
-55 -784 790 0
-790 786 55 0
-790 786 784 0
-787 791 0
-55 -786 791 0
-791 787 55 0
-791 787 786 0
-788 792 0
-59 -793 792 0
-792 788 59 0
-792 788 793 0
-790 794 0
-59 -788 794 0
-794 790 59 0
-794 790 788 0
-791 795 0
-59 -790 795 0
-795 791 59 0
-795 791 790 0
-792 796 0
-62 -797 796 0
-796 792 62 0
-796 792 797 0
-794 798 0
-62 -792 798 0
-798 794 62 0
-798 794 792 0
-795 799 0
-62 -794 799 0
-799 795 62 0
-799 795 794 0
-796 800 0
-64 -801 800 0
-800 796 64 0
-800 796 801 0
-798 802 0
-64 -796 802 0
-802 798 64 0
-802 798 796 0
-799 803 0
-64 -798 803 0
-803 799 64 0
-803 799 798 0
-804 805 0
-11 -806 805 0
-805 804 11 0
-805 804 806 0
-807 808 0
-11 -804 808 0
-808 807 11 0
-808 807 804 0
-809 810 0
-11 -807 810 0
-810 809 11 0
-810 809 807 0
-805 811 0
-21 -812 811 0
-811 805 21 0
-811 805 812 0
-808 813 0
-21 -805 813 0
-813 808 21 0
-813 808 805 0
-810 814 0
-21 -808 814 0
-814 810 21 0
-814 810 808 0
-811 815 0
-30 -816 815 0
-815 811 30 0
-815 811 816 0
-813 817 0
-30 -811 817 0
-817 813 30 0
-817 813 811 0
-814 818 0
-30 -813 818 0
-818 814 30 0
-818 814 813 0
-815 819 0
-38 -820 819 0
-819 815 38 0
-819 815 820 0
-817 821 0
-38 -815 821 0
-821 817 38 0
-821 817 815 0
-818 822 0
-38 -817 822 0
-822 818 38 0
-822 818 817 0
-819 823 0
-45 -824 823 0
-823 819 45 0
-823 819 824 0
-821 825 0
-45 -819 825 0
-825 821 45 0
-825 821 819 0
-822 826 0
-45 -821 826 0
-826 822 45 0
-826 822 821 0
-823 827 0
-51 -828 827 0
-827 823 51 0
-827 823 828 0
-825 829 0
-51 -823 829 0
-829 825 51 0
-829 825 823 0
-826 830 0
-51 -825 830 0
-830 826 51 0
-830 826 825 0
-827 831 0
-56 -832 831 0
-831 827 56 0
-831 827 832 0
-829 833 0
-56 -827 833 0
-833 829 56 0
-833 829 827 0
-830 834 0
-56 -829 834 0
-834 830 56 0
-834 830 829 0
-831 835 0
-60 -836 835 0
-835 831 60 0
-835 831 836 0
-833 837 0
-60 -831 837 0
-837 833 60 0
-837 833 831 0
-834 838 0
-60 -833 838 0
-838 834 60 0
-838 834 833 0
-835 839 0
-63 -840 839 0
-839 835 63 0
-839 835 840 0
-837 841 0
-63 -835 841 0
-841 837 63 0
-841 837 835 0
-838 842 0
-63 -837 842 0
-842 838 63 0
-842 838 837 0
-839 843 0
-65 -844 843 0
-843 839 65 0
-843 839 844 0
-841 845 0
-65 -839 845 0
-845 841 65 0
-845 841 839 0
-842 846 0
-65 -841 846 0
-846 842 65 0
-846 842 841 0
-843 847 0
-66 -848 847 0
-847 843 66 0
-847 843 848 0
-845 849 0
-66 -843 849 0
-849 845 66 0
-849 845 843 0
-846 850 0
-66 -845 850 0
-850 846 66 0
-850 846 845 0
289 0
-287 0
-290 0
-292 0
295 0
-291 0
-293 0
299 0
-297 0
303 0
307 0
311 0
315 0
319 0
323 0
327 0
331 0
851 0
333 0
336 0
-334 0
-337 0
-339 0
342 0
-338 0
-340 0
346 0
-344 0
350 0
354 0
358 0
362 0
366 0
370 0
374 0
378 0
852 0
380 0
383 0
-381 0
-384 0
-386 0
389 0
-385 0
-387 0
393 0
-391 0
397 0
401 0
405 0
409 0
413 0
417 0
421 0
425 0
853 0
427 0
430 0
-428 0
-431 0
-433 0
436 0
-432 0
-434 0
440 0
-438 0
444 0
448 0
452 0
456 0
460 0
464 0
468 0
472 0
854 0
474 0
477 0
-475 0
-478 0
-480 0
483 0
-479 0
-481 0
487 0
-485 0
491 0
495 0
499 0
503 0
507 0
511 0
515 0
519 0
855 0
521 0
524 0
-522 0
-525 0
-527 0
530 0
-526 0
-528 0
534 0
-532 0
538 0
542 0
546 0
550 0
554 0
558 0
562 0
566 0
856 0
568 0
571 0
-569 0
-572 0
-574 0
577 0
-573 0
-575 0
581 0
-579 0
585 0
589 0
593 0
597 0
601 0
605 0
609 0
613 0
857 0
615 0
618 0
-616 0
-619 0
-621 0
624 0
-620 0
-622 0
628 0
-626 0
632 0
636 0
640 0
644 0
648 0
652 0
656 0
660 0
858 0
662 0
665 0
-663 0
-666 0
-668 0
671 0
-667 0
-669 0
675 0
-673 0
679 0
683 0
687 0
691 0
695 0
699 0
703 0
707 0
859 0
709 0
712 0
-710 0
-713 0
-715 0
718 0
-714 0
-716 0
722 0
-720 0
726 0
730 0
734 0
738 0
742 0
746 0
750 0
754 0
860 0
756 0
759 0
-757 0
-760 0
-762 0
765 0
-761 0
-763 0
769 0
-767 0
773 0
777 0
781 0
785 0
789 0
793 0
797 0
801 0
861 0
803 0
806 0
-804 0
-807 0
-809 0
812 0
-808 0
-810 0
816 0
-814 0
820 0
824 0
828 0
832 0
836 0
840 0
844 0
848 0
862 0
850 0
-2 12 0
-2 863 0
12 863 0
-3 13 -865 0
-3 865 -863 0
13 865 -863 0
-4 14 -870 0
-4 870 -865 0
14 870 -865 0
-5 15 -875 0
-5 875 -870 0
15 875 -870 0
-6 16 -880 0
-6 880 -875 0
16 880 -875 0
-7 17 -885 0
-7 885 -880 0
17 885 -880 0
-8 18 -890 0
-8 890 -885 0
18 890 -885 0
-9 19 -895 0
-9 895 -890 0
19 895 -890 0
-10 20 -900 0
-10 900 -895 0
20 900 -895 0
-11 21 -905 0
-11 905 -900 0
21 905 -900 0
-11 21 -905 0
-1 12 0
-1 911 0
12 911 0
-3 22 -913 0
-3 913 -911 0
22 913 -911 0
-4 23 -918 0
-4 918 -913 0
23 918 -913 0
-5 24 -923 0
-5 923 -918 0
24 923 -918 0
-6 25 -928 0
-6 928 -923 0
25 928 -923 0
-7 26 -933 0
-7 933 -928 0
26 933 -928 0
-8 27 -938 0
-8 938 -933 0
27 938 -933 0
-9 28 -943 0
-9 943 -938 0
28 943 -938 0
-10 29 -948 0
-10 948 -943 0
29 948 -943 0
-11 30 -953 0
-11 953 -948 0
30 953 -948 0
-11 30 -953 0
-1 13 0
-1 959 0
13 959 0
-2 22 -961 0
-2 961 -959 0
22 961 -959 0
-4 31 -966 0
-4 966 -961 0
31 966 -961 0
-5 32 -971 0
-5 971 -966 0
32 971 -966 0
-6 33 -976 0
-6 976 -971 0
33 976 -971 0
-7 34 -981 0
-7 981 -976 0
34 981 -976 0
-8 35 -986 0
-8 986 -981 0
35 986 -981 0
-9 36 -991 0
-9 991 -986 0
36 991 -986 0
-10 37 -996 0
-10 996 -991 0
37 996 -991 0
-11 38 -1001 0
-11 1001 -996 0
38 1001 -996 0
-11 38 -1001 0
-1 14 0
-1 1007 0
14 1007 0
-2 23 -1009 0
-2 1009 -1007 0
23 1009 -1007 0
-3 31 -1014 0
-3 1014 -1009 0
31 1014 -1009 0
-5 39 -1019 0
-5 1019 -1014 0
39 1019 -1014 0
-6 40 -1024 0
-6 1024 -1019 0
40 1024 -1019 0
-7 41 -1029 0
-7 1029 -1024 0
41 1029 -1024 0
-8 42 -1034 0
-8 1034 -1029 0
42 1034 -1029 0
-9 43 -1039 0
-9 1039 -1034 0
43 1039 -1034 0
-10 44 -1044 0
-10 1044 -1039 0
44 1044 -1039 0
-11 45 -1049 0
-11 1049 -1044 0
45 1049 -1044 0
-11 45 -1049 0
-1 15 0
-1 1055 0
15 1055 0
-2 24 -1057 0
-2 1057 -1055 0
24 1057 -1055 0
-3 32 -1062 0
-3 1062 -1057 0
32 1062 -1057 0
-4 39 -1067 0
-4 1067 -1062 0
39 1067 -1062 0
-6 46 -1072 0
-6 1072 -1067 0
46 1072 -1067 0
-7 47 -1077 0
-7 1077 -1072 0
47 1077 -1072 0
-8 48 -1082 0
-8 1082 -1077 0
48 1082 -1077 0
-9 49 -1087 0
-9 1087 -1082 0
49 1087 -1082 0
-10 50 -1092 0
-10 1092 -1087 0
50 1092 -1087 0
-11 51 -1097 0
-11 1097 -1092 0
51 1097 -1092 0
-11 51 -1097 0
-1 16 0
-1 1103 0
16 1103 0
-2 25 -1105 0
-2 1105 -1103 0
25 1105 -1103 0
-3 33 -1110 0
-3 1110 -1105 0
33 1110 -1105 0
-4 40 -1115 0
-4 1115 -1110 0
40 1115 -1110 0
-5 46 -1120 0
-5 1120 -1115 0
46 1120 -1115 0
-7 52 -1125 0
-7 1125 -1120 0
52 1125 -1120 0
-8 53 -1130 0
-8 1130 -1125 0
53 1130 -1125 0
-9 54 -1135 0
-9 1135 -1130 0
54 1135 -1130 0
-10 55 -1140 0
-10 1140 -1135 0
55 1140 -1135 0
-11 56 -1145 0
-11 1145 -1140 0
56 1145 -1140 0
-11 56 -1145 0
-1 17 0
-1 1151 0
17 1151 0
-2 26 -1153 0
-2 1153 -1151 0
26 1153 -1151 0
-3 34 -1158 0
-3 1158 -1153 0
34 1158 -1153 0
-4 41 -1163 0
-4 1163 -1158 0
41 1163 -1158 0
-5 47 -1168 0
-5 1168 -1163 0
47 1168 -1163 0
-6 52 -1173 0
-6 1173 -1168 0
52 1173 -1168 0
-8 57 -1178 0
-8 1178 -1173 0
57 1178 -1173 0
-9 58 -1183 0
-9 1183 -1178 0
58 1183 -1178 0
-10 59 -1188 0
-10 1188 -1183 0
59 1188 -1183 0
-11 60 -1193 0
-11 1193 -1188 0
60 1193 -1188 0
-11 60 -1193 0
-1 18 0
-1 1199 0
18 1199 0
-2 27 -1201 0
-2 1201 -1199 0
27 1201 -1199 0
-3 35 -1206 0
-3 1206 -1201 0
35 1206 -1201 0
-4 42 -1211 0
-4 1211 -1206 0
42 1211 -1206 0
-5 48 -1216 0
-5 1216 -1211 0
48 1216 -1211 0
-6 53 -1221 0
-6 1221 -1216 0
53 1221 -1216 0
-7 57 -1226 0
-7 1226 -1221 0
57 1226 -1221 0
-9 61 -1231 0
-9 1231 -1226 0
61 1231 -1226 0
-10 62 -1236 0
-10 1236 -1231 0
62 1236 -1231 0
-11 63 -1241 0
-11 1241 -1236 0
63 1241 -1236 0
-11 63 -1241 0
-1 19 0
-1 1247 0
19 1247 0
-2 28 -1249 0
-2 1249 -1247 0
28 1249 -1247 0
-3 36 -1254 0
-3 1254 -1249 0
36 1254 -1249 0
-4 43 -1259 0
-4 1259 -1254 0
43 1259 -1254 0
-5 49 -1264 0
-5 1264 -1259 0
49 1264 -1259 0
-6 54 -1269 0
-6 1269 -1264 0
54 1269 -1264 0
-7 58 -1274 0
-7 1274 -1269 0
58 1274 -1269 0
-8 61 -1279 0
-8 1279 -1274 0
61 1279 -1274 0
-10 64 -1284 0
-10 1284 -1279 0
64 1284 -1279 0
-11 65 -1289 0
-11 1289 -1284 0
65 1289 -1284 0
-11 65 -1289 0
-1 20 0
-1 1295 0
20 1295 0
-2 29 -1297 0
-2 1297 -1295 0
29 1297 -1295 0
-3 37 -1302 0
-3 1302 -1297 0
37 1302 -1297 0
-4 44 -1307 0
-4 1307 -1302 0
44 1307 -1302 0
-5 50 -1312 0
-5 1312 -1307 0
50 1312 -1307 0
-6 55 -1317 0
-6 1317 -1312 0
55 1317 -1312 0
-7 59 -1322 0
-7 1322 -1317 0
59 1322 -1317 0
-8 62 -1327 0
-8 1327 -1322 0
62 1327 -1322 0
-9 64 -1332 0
-9 1332 -1327 0
64 1332 -1327 0
-11 66 -1337 0
-11 1337 -1332 0
66 1337 -1332 0
-11 66 -1337 0
-1 21 0
-1 1343 0
21 1343 0
-2 30 -1345 0
-2 1345 -1343 0
30 1345 -1343 0
-3 38 -1350 0
-3 1350 -1345 0
38 1350 -1345 0
-4 45 -1355 0
-4 1355 -1350 0
45 1355 -1350 0
-5 51 -1360 0
-5 1360 -1355 0
51 1360 -1355 0
-6 56 -1365 0
-6 1365 -1360 0
56 1365 -1360 0
-7 60 -1370 0
-7 1370 -1365 0
60 1370 -1365 0
-8 63 -1375 0
-8 1375 -1370 0
63 1375 -1370 0
-9 65 -1380 0
-9 1380 -1375 0
65 1380 -1375 0
-10 66 -1385 0
-10 1385 -1380 0
66 1385 -1380 0
-10 66 -1385 0
-1 2 0
-1 1391 0
2 1391 0
-13 22 -1393 0
-13 1393 -1391 0
22 1393 -1391 0
-14 23 -1398 0
-14 1398 -1393 0
23 1398 -1393 0
-15 24 -1403 0
-15 1403 -1398 0
24 1403 -1398 0
-16 25 -1408 0
-16 1408 -1403 0
25 1408 -1403 0
-17 26 -1413 0
-17 1413 -1408 0
26 1413 -1408 0
-18 27 -1418 0
-18 1418 -1413 0
27 1418 -1413 0
-19 28 -1423 0
-19 1423 -1418 0
28 1423 -1418 0
-20 29 -1428 0
-20 1428 -1423 0
29 1428 -1423 0
-21 30 -1433 0
-21 1433 -1428 0
30 1433 -1428 0
-21 30 -1433 0
-1 3 0
-1 1439 0
3 1439 0
-12 22 -1441 0
-12 1441 -1439 0
22 1441 -1439 0
-14 31 -1446 0
-14 1446 -1441 0
31 1446 -1441 0
-15 32 -1451 0
-15 1451 -1446 0
32 1451 -1446 0
-16 33 -1456 0
-16 1456 -1451 0
33 1456 -1451 0
-17 34 -1461 0
-17 1461 -1456 0
34 1461 -1456 0
-18 35 -1466 0
-18 1466 -1461 0
35 1466 -1461 0
-19 36 -1471 0
-19 1471 -1466 0
36 1471 -1466 0
-20 37 -1476 0
-20 1476 -1471 0
37 1476 -1471 0
-21 38 -1481 0
-21 1481 -1476 0
38 1481 -1476 0
-21 38 -1481 0
-1 4 0
-1 1487 0
4 1487 0
-12 23 -1489 0
-12 1489 -1487 0
23 1489 -1487 0
-13 31 -1494 0
-13 1494 -1489 0
31 1494 -1489 0
-15 39 -1499 0
-15 1499 -1494 0
39 1499 -1494 0
-16 40 -1504 0
-16 1504 -1499 0
40 1504 -1499 0
-17 41 -1509 0
-17 1509 -1504 0
41 1509 -1504 0
-18 42 -1514 0
-18 1514 -1509 0
42 1514 -1509 0
-19 43 -1519 0
-19 1519 -1514 0
43 1519 -1514 0
-20 44 -1524 0
-20 1524 -1519 0
44 1524 -1519 0
-21 45 -1529 0
-21 1529 -1524 0
45 1529 -1524 0
-21 45 -1529 0
-1 5 0
-1 1535 0
5 1535 0
-12 24 -1537 0
-12 1537 -1535 0
24 1537 -1535 0
-13 32 -1542 0
-13 1542 -1537 0
32 1542 -1537 0
-14 39 -1547 0
-14 1547 -1542 0
39 1547 -1542 0
-16 46 -1552 0
-16 1552 -1547 0
46 1552 -1547 0
-17 47 -1557 0
-17 1557 -1552 0
47 1557 -1552 0
-18 48 -1562 0
-18 1562 -1557 0
48 1562 -1557 0
-19 49 -1567 0
-19 1567 -1562 0
49 1567 -1562 0
-20 50 -1572 0
-20 1572 -1567 0
50 1572 -1567 0
-21 51 -1577 0
-21 1577 -1572 0
51 1577 -1572 0
-21 51 -1577 0
-1 6 0
-1 1583 0
6 1583 0
-12 25 -1585 0
-12 1585 -1583 0
25 1585 -1583 0
-13 33 -1590 0
-13 1590 -1585 0
33 1590 -1585 0
-14 40 -1595 0
-14 1595 -1590 0
40 1595 -1590 0
-15 46 -1600 0
-15 1600 -1595 0
46 1600 -1595 0
-17 52 -1605 0
-17 1605 -1600 0
52 1605 -1600 0
-18 53 -1610 0
-18 1610 -1605 0
53 1610 -1605 0
-19 54 -1615 0
-19 1615 -1610 0
54 1615 -1610 0
-20 55 -1620 0
-20 1620 -1615 0
55 1620 -1615 0
-21 56 -1625 0
-21 1625 -1620 0
56 1625 -1620 0
-21 56 -1625 0
-1 7 0
-1 1631 0
7 1631 0
-12 26 -1633 0
-12 1633 -1631 0
26 1633 -1631 0
-13 34 -1638 0
-13 1638 -1633 0
34 1638 -1633 0
-14 41 -1643 0
-14 1643 -1638 0
41 1643 -1638 0
-15 47 -1648 0
-15 1648 -1643 0
47 1648 -1643 0
-16 52 -1653 0
-16 1653 -1648 0
52 1653 -1648 0
-18 57 -1658 0
-18 1658 -1653 0
57 1658 -1653 0
-19 58 -1663 0
-19 1663 -1658 0
58 1663 -1658 0
-20 59 -1668 0
-20 1668 -1663 0
59 1668 -1663 0
-21 60 -1673 0
-21 1673 -1668 0
60 1673 -1668 0
-21 60 -1673 0
-1 8 0
-1 1679 0
8 1679 0
-12 27 -1681 0
-12 1681 -1679 0
27 1681 -1679 0
-13 35 -1686 0
-13 1686 -1681 0
35 1686 -1681 0
-14 42 -1691 0
-14 1691 -1686 0
42 1691 -1686 0
-15 48 -1696 0
-15 1696 -1691 0
48 1696 -1691 0
-16 53 -1701 0
-16 1701 -1696 0
53 1701 -1696 0
-17 57 -1706 0
-17 1706 -1701 0
57 1706 -1701 0
-19 61 -1711 0
-19 1711 -1706 0
61 1711 -1706 0
-20 62 -1716 0
-20 1716 -1711 0
62 1716 -1711 0
-21 63 -1721 0
-21 1721 -1716 0
63 1721 -1716 0
-21 63 -1721 0
-1 9 0
-1 1727 0
9 1727 0
-12 28 -1729 0
-12 1729 -1727 0
28 1729 -1727 0
-13 36 -1734 0
-13 1734 -1729 0
36 1734 -1729 0
-14 43 -1739 0
-14 1739 -1734 0
43 1739 -1734 0
-15 49 -1744 0
-15 1744 -1739 0
49 1744 -1739 0
-16 54 -1749 0
-16 1749 -1744 0
54 1749 -1744 0
-17 58 -1754 0
-17 1754 -1749 0
58 1754 -1749 0
-18 61 -1759 0
-18 1759 -1754 0
61 1759 -1754 0
-20 64 -1764 0
-20 1764 -1759 0
64 1764 -1759 0
-21 65 -1769 0
-21 1769 -1764 0
65 1769 -1764 0
-21 65 -1769 0
-1 10 0
-1 1775 0
10 1775 0
-12 29 -1777 0
-12 1777 -1775 0
29 1777 -1775 0
-13 37 -1782 0
-13 1782 -1777 0
37 1782 -1777 0
-14 44 -1787 0
-14 1787 -1782 0
44 1787 -1782 0
-15 50 -1792 0
-15 1792 -1787 0
50 1792 -1787 0
-16 55 -1797 0
-16 1797 -1792 0
55 1797 -1792 0
-17 59 -1802 0
-17 1802 -1797 0
59 1802 -1797 0
-18 62 -1807 0
-18 1807 -1802 0
62 1807 -1802 0
-19 64 -1812 0
-19 1812 -1807 0
64 1812 -1807 0
-21 66 -1817 0
-21 1817 -1812 0
66 1817 -1812 0
-21 66 -1817 0
-1 11 0
-1 1823 0
11 1823 0
-12 30 -1825 0
-12 1825 -1823 0
30 1825 -1823 0
-13 38 -1830 0
-13 1830 -1825 0
38 1830 -1825 0
-14 45 -1835 0
-14 1835 -1830 0
45 1835 -1830 0
-15 51 -1840 0
-15 1840 -1835 0
51 1840 -1835 0
-16 56 -1845 0
-16 1845 -1840 0
56 1845 -1840 0
-17 60 -1850 0
-17 1850 -1845 0
60 1850 -1845 0
-18 63 -1855 0
-18 1855 -1850 0
63 1855 -1850 0
-19 65 -1860 0
-19 1860 -1855 0
65 1860 -1855 0
-20 66 -1865 0
-20 1865 -1860 0
66 1865 -1860 0
-20 66 -1865 0
-2 3 0
-2 1871 0
3 1871 0
-12 13 -1873 0
-12 1873 -1871 0
13 1873 -1871 0
-23 31 -1878 0
-23 1878 -1873 0
31 1878 -1873 0
-24 32 -1883 0
-24 1883 -1878 0
32 1883 -1878 0
-25 33 -1888 0
-25 1888 -1883 0
33 1888 -1883 0
-26 34 -1893 0
-26 1893 -1888 0
34 1893 -1888 0
-27 35 -1898 0
-27 1898 -1893 0
35 1898 -1893 0
-28 36 -1903 0
-28 1903 -1898 0
36 1903 -1898 0
-29 37 -1908 0
-29 1908 -1903 0
37 1908 -1903 0
-30 38 -1913 0
-30 1913 -1908 0
38 1913 -1908 0
-30 38 -1913 0
-2 4 0
-2 1919 0
4 1919 0
-12 14 -1921 0
-12 1921 -1919 0
14 1921 -1919 0
-22 31 -1926 0
-22 1926 -1921 0
31 1926 -1921 0
-24 39 -1931 0
-24 1931 -1926 0
39 1931 -1926 0
-25 40 -1936 0
-25 1936 -1931 0
40 1936 -1931 0
-26 41 -1941 0
-26 1941 -1936 0
41 1941 -1936 0
-27 42 -1946 0
-27 1946 -1941 0
42 1946 -1941 0
-28 43 -1951 0
-28 1951 -1946 0
43 1951 -1946 0
-29 44 -1956 0
-29 1956 -1951 0
44 1956 -1951 0
-30 45 -1961 0
-30 1961 -1956 0
45 1961 -1956 0
-30 45 -1961 0
-2 5 0
-2 1967 0
5 1967 0
-12 15 -1969 0
-12 1969 -1967 0
15 1969 -1967 0
-22 32 -1974 0
-22 1974 -1969 0
32 1974 -1969 0
-23 39 -1979 0
-23 1979 -1974 0
39 1979 -1974 0
-25 46 -1984 0
-25 1984 -1979 0
46 1984 -1979 0
-26 47 -1989 0
-26 1989 -1984 0
47 1989 -1984 0
-27 48 -1994 0
-27 1994 -1989 0
48 1994 -1989 0
-28 49 -1999 0
-28 1999 -1994 0
49 1999 -1994 0
-29 50 -2004 0
-29 2004 -1999 0
50 2004 -1999 0
-30 51 -2009 0
-30 2009 -2004 0
51 2009 -2004 0
-30 51 -2009 0
-2 6 0
-2 2015 0
6 2015 0
-12 16 -2017 0
-12 2017 -2015 0
16 2017 -2015 0
-22 33 -2022 0
-22 2022 -2017 0
33 2022 -2017 0
-23 40 -2027 0
-23 2027 -2022 0
40 2027 -2022 0
-24 46 -2032 0
-24 2032 -2027 0
46 2032 -2027 0
-26 52 -2037 0
-26 2037 -2032 0
52 2037 -2032 0
-27 53 -2042 0
-27 2042 -2037 0
53 2042 -2037 0
-28 54 -2047 0
-28 2047 -2042 0
54 2047 -2042 0
-29 55 -2052 0
-29 2052 -2047 0
55 2052 -2047 0
-30 56 -2057 0
-30 2057 -2052 0
56 2057 -2052 0
-30 56 -2057 0
-2 7 0
-2 2063 0
7 2063 0
-12 17 -2065 0
-12 2065 -2063 0
17 2065 -2063 0
-22 34 -2070 0
-22 2070 -2065 0
34 2070 -2065 0
-23 41 -2075 0
-23 2075 -2070 0
41 2075 -2070 0
-24 47 -2080 0
-24 2080 -2075 0
47 2080 -2075 0
-25 52 -2085 0
-25 2085 -2080 0
52 2085 -2080 0
-27 57 -2090 0
-27 2090 -2085 0
57 2090 -2085 0
-28 58 -2095 0
-28 2095 -2090 0
58 2095 -2090 0
-29 59 -2100 0
-29 2100 -2095 0
59 2100 -2095 0
-30 60 -2105 0
-30 2105 -2100 0
60 2105 -2100 0
-30 60 -2105 0
-2 8 0
-2 2111 0
8 2111 0
-12 18 -2113 0
-12 2113 -2111 0
18 2113 -2111 0
-22 35 -2118 0
-22 2118 -2113 0
35 2118 -2113 0
-23 42 -2123 0
-23 2123 -2118 0
42 2123 -2118 0
-24 48 -2128 0
-24 2128 -2123 0
48 2128 -2123 0
-25 53 -2133 0
-25 2133 -2128 0
53 2133 -2128 0
-26 57 -2138 0
-26 2138 -2133 0
57 2138 -2133 0
-28 61 -2143 0
-28 2143 -2138 0
61 2143 -2138 0
-29 62 -2148 0
-29 2148 -2143 0
62 2148 -2143 0
-30 63 -2153 0
-30 2153 -2148 0
63 2153 -2148 0
-30 63 -2153 0
-2 9 0
-2 2159 0
9 2159 0
-12 19 -2161 0
-12 2161 -2159 0
19 2161 -2159 0
-22 36 -2166 0
-22 2166 -2161 0
36 2166 -2161 0
-23 43 -2171 0
-23 2171 -2166 0
43 2171 -2166 0
-24 49 -2176 0
-24 2176 -2171 0
49 2176 -2171 0
-25 54 -2181 0
-25 2181 -2176 0
54 2181 -2176 0
-26 58 -2186 0
-26 2186 -2181 0
58 2186 -2181 0
-27 61 -2191 0
-27 2191 -2186 0
61 2191 -2186 0
-29 64 -2196 0
-29 2196 -2191 0
64 2196 -2191 0
-30 65 -2201 0
-30 2201 -2196 0
65 2201 -2196 0
-30 65 -2201 0
-2 10 0
-2 2207 0
10 2207 0
-12 20 -2209 0
-12 2209 -2207 0
20 2209 -2207 0
-22 37 -2214 0
-22 2214 -2209 0
37 2214 -2209 0
-23 44 -2219 0
-23 2219 -2214 0
44 2219 -2214 0
-24 50 -2224 0
-24 2224 -2219 0
50 2224 -2219 0
-25 55 -2229 0
-25 2229 -2224 0
55 2229 -2224 0
-26 59 -2234 0
-26 2234 -2229 0
59 2234 -2229 0
-27 62 -2239 0
-27 2239 -2234 0
62 2239 -2234 0
-28 64 -2244 0
-28 2244 -2239 0
64 2244 -2239 0
-30 66 -2249 0
-30 2249 -2244 0
66 2249 -2244 0
-30 66 -2249 0
-2 11 0
-2 2255 0
11 2255 0
-12 21 -2257 0
-12 2257 -2255 0
21 2257 -2255 0
-22 38 -2262 0
-22 2262 -2257 0
38 2262 -2257 0
-23 45 -2267 0
-23 2267 -2262 0
45 2267 -2262 0
-24 51 -2272 0
-24 2272 -2267 0
51 2272 -2267 0
-25 56 -2277 0
-25 2277 -2272 0
56 2277 -2272 0
-26 60 -2282 0
-26 2282 -2277 0
60 2282 -2277 0
-27 63 -2287 0
-27 2287 -2282 0
63 2287 -2282 0
-28 65 -2292 0
-28 2292 -2287 0
65 2292 -2287 0
-29 66 -2297 0
-29 2297 -2292 0
66 2297 -2292 0
-29 66 -2297 0
-3 4 0
-3 2303 0
4 2303 0
-13 14 -2305 0
-13 2305 -2303 0
14 2305 -2303 0
-22 23 -2310 0
-22 2310 -2305 0
23 2310 -2305 0
-32 39 -2315 0
-32 2315 -2310 0
39 2315 -2310 0
-33 40 -2320 0
-33 2320 -2315 0
40 2320 -2315 0
-34 41 -2325 0
-34 2325 -2320 0
41 2325 -2320 0
-35 42 -2330 0
-35 2330 -2325 0
42 2330 -2325 0
-36 43 -2335 0
-36 2335 -2330 0
43 2335 -2330 0
-37 44 -2340 0
-37 2340 -2335 0
44 2340 -2335 0
-38 45 -2345 0
-38 2345 -2340 0
45 2345 -2340 0
-38 45 -2345 0
-3 5 0
-3 2351 0
5 2351 0
-13 15 -2353 0
-13 2353 -2351 0
15 2353 -2351 0
-22 24 -2358 0
-22 2358 -2353 0
24 2358 -2353 0
-31 39 -2363 0
-31 2363 -2358 0
39 2363 -2358 0
-33 46 -2368 0
-33 2368 -2363 0
46 2368 -2363 0
-34 47 -2373 0
-34 2373 -2368 0
47 2373 -2368 0
-35 48 -2378 0
-35 2378 -2373 0
48 2378 -2373 0
-36 49 -2383 0
-36 2383 -2378 0
49 2383 -2378 0
-37 50 -2388 0
-37 2388 -2383 0
50 2388 -2383 0
-38 51 -2393 0
-38 2393 -2388 0
51 2393 -2388 0
-38 51 -2393 0
-3 6 0
-3 2399 0
6 2399 0
-13 16 -2401 0
-13 2401 -2399 0
16 2401 -2399 0
-22 25 -2406 0
-22 2406 -2401 0
25 2406 -2401 0
-31 40 -2411 0
-31 2411 -2406 0
40 2411 -2406 0
-32 46 -2416 0
-32 2416 -2411 0
46 2416 -2411 0
-34 52 -2421 0
-34 2421 -2416 0
52 2421 -2416 0
-35 53 -2426 0
-35 2426 -2421 0
53 2426 -2421 0
-36 54 -2431 0
-36 2431 -2426 0
54 2431 -2426 0
-37 55 -2436 0
-37 2436 -2431 0
55 2436 -2431 0
-38 56 -2441 0
-38 2441 -2436 0
56 2441 -2436 0
-38 56 -2441 0
-3 7 0
-3 2447 0
7 2447 0
-13 17 -2449 0
-13 2449 -2447 0
17 2449 -2447 0
-22 26 -2454 0
-22 2454 -2449 0
26 2454 -2449 0
-31 41 -2459 0
-31 2459 -2454 0
41 2459 -2454 0
-32 47 -2464 0
-32 2464 -2459 0
47 2464 -2459 0
-33 52 -2469 0
-33 2469 -2464 0
52 2469 -2464 0
-35 57 -2474 0
-35 2474 -2469 0
57 2474 -2469 0
-36 58 -2479 0
-36 2479 -2474 0
58 2479 -2474 0
-37 59 -2484 0
-37 2484 -2479 0
59 2484 -2479 0
-38 60 -2489 0
-38 2489 -2484 0
60 2489 -2484 0
-38 60 -2489 0
-3 8 0
-3 2495 0
8 2495 0
-13 18 -2497 0
-13 2497 -2495 0
18 2497 -2495 0
-22 27 -2502 0
-22 2502 -2497 0
27 2502 -2497 0
-31 42 -2507 0
-31 2507 -2502 0
42 2507 -2502 0
-32 48 -2512 0
-32 2512 -2507 0
48 2512 -2507 0
-33 53 -2517 0
-33 2517 -2512 0
53 2517 -2512 0
-34 57 -2522 0
-34 2522 -2517 0
57 2522 -2517 0
-36 61 -2527 0
-36 2527 -2522 0
61 2527 -2522 0
-37 62 -2532 0
-37 2532 -2527 0
62 2532 -2527 0
-38 63 -2537 0
-38 2537 -2532 0
63 2537 -2532 0
-38 63 -2537 0
-3 9 0
-3 2543 0
9 2543 0
-13 19 -2545 0
-13 2545 -2543 0
19 2545 -2543 0
-22 28 -2550 0
-22 2550 -2545 0
28 2550 -2545 0
-31 43 -2555 0
-31 2555 -2550 0
43 2555 -2550 0
-32 49 -2560 0
-32 2560 -2555 0
49 2560 -2555 0
-33 54 -2565 0
-33 2565 -2560 0
54 2565 -2560 0
-34 58 -2570 0
-34 2570 -2565 0
58 2570 -2565 0
-35 61 -2575 0
-35 2575 -2570 0
61 2575 -2570 0
-37 64 -2580 0
-37 2580 -2575 0
64 2580 -2575 0
-38 65 -2585 0
-38 2585 -2580 0
65 2585 -2580 0
-38 65 -2585 0
-3 10 0
-3 2591 0
10 2591 0
-13 20 -2593 0
-13 2593 -2591 0
20 2593 -2591 0
-22 29 -2598 0
-22 2598 -2593 0
29 2598 -2593 0
-31 44 -2603 0
-31 2603 -2598 0
44 2603 -2598 0
-32 50 -2608 0
-32 2608 -2603 0
50 2608 -2603 0
-33 55 -2613 0
-33 2613 -2608 0
55 2613 -2608 0
-34 59 -2618 0
-34 2618 -2613 0
59 2618 -2613 0
-35 62 -2623 0
-35 2623 -2618 0
62 2623 -2618 0
-36 64 -2628 0
-36 2628 -2623 0
64 2628 -2623 0
-38 66 -2633 0
-38 2633 -2628 0
66 2633 -2628 0
-38 66 -2633 0
-3 11 0
-3 2639 0
11 2639 0
-13 21 -2641 0
-13 2641 -2639 0
21 2641 -2639 0
-22 30 -2646 0
-22 2646 -2641 0
30 2646 -2641 0
-31 45 -2651 0
-31 2651 -2646 0
45 2651 -2646 0
-32 51 -2656 0
-32 2656 -2651 0
51 2656 -2651 0
-33 56 -2661 0
-33 2661 -2656 0
56 2661 -2656 0
-34 60 -2666 0
-34 2666 -2661 0
60 2666 -2661 0
-35 63 -2671 0
-35 2671 -2666 0
63 2671 -2666 0
-36 65 -2676 0
-36 2676 -2671 0
65 2676 -2671 0
-37 66 -2681 0
-37 2681 -2676 0
66 2681 -2676 0
-37 66 -2681 0
-4 5 0
-4 2687 0
5 2687 0
-14 15 -2689 0
-14 2689 -2687 0
15 2689 -2687 0
-23 24 -2694 0
-23 2694 -2689 0
24 2694 -2689 0
-31 32 -2699 0
-31 2699 -2694 0
32 2699 -2694 0
-40 46 -2704 0
-40 2704 -2699 0
46 2704 -2699 0
-41 47 -2709 0
-41 2709 -2704 0
47 2709 -2704 0
-42 48 -2714 0
-42 2714 -2709 0
48 2714 -2709 0
-43 49 -2719 0
-43 2719 -2714 0
49 2719 -2714 0
-44 50 -2724 0
-44 2724 -2719 0
50 2724 -2719 0
-45 51 -2729 0
-45 2729 -2724 0
51 2729 -2724 0
-45 51 -2729 0
-4 6 0
-4 2735 0
6 2735 0
-14 16 -2737 0
-14 2737 -2735 0
16 2737 -2735 0
-23 25 -2742 0
-23 2742 -2737 0
25 2742 -2737 0
-31 33 -2747 0
-31 2747 -2742 0
33 2747 -2742 0
-39 46 -2752 0
-39 2752 -2747 0
46 2752 -2747 0
-41 52 -2757 0
-41 2757 -2752 0
52 2757 -2752 0
-42 53 -2762 0
-42 2762 -2757 0
53 2762 -2757 0
-43 54 -2767 0
-43 2767 -2762 0
54 2767 -2762 0
-44 55 -2772 0
-44 2772 -2767 0
55 2772 -2767 0
-45 56 -2777 0
-45 2777 -2772 0
56 2777 -2772 0
-45 56 -2777 0
-4 7 0
-4 2783 0
7 2783 0
-14 17 -2785 0
-14 2785 -2783 0
17 2785 -2783 0
-23 26 -2790 0
-23 2790 -2785 0
26 2790 -2785 0
-31 34 -2795 0
-31 2795 -2790 0
34 2795 -2790 0
-39 47 -2800 0
-39 2800 -2795 0
47 2800 -2795 0
-40 52 -2805 0
-40 2805 -2800 0
52 2805 -2800 0
-42 57 -2810 0
-42 2810 -2805 0
57 2810 -2805 0
-43 58 -2815 0
-43 2815 -2810 0
58 2815 -2810 0
-44 59 -2820 0
-44 2820 -2815 0
59 2820 -2815 0
-45 60 -2825 0
-45 2825 -2820 0
60 2825 -2820 0
-45 60 -2825 0
-4 8 0
-4 2831 0
8 2831 0
-14 18 -2833 0
-14 2833 -2831 0
18 2833 -2831 0
-23 27 -2838 0
-23 2838 -2833 0
27 2838 -2833 0
-31 35 -2843 0
-31 2843 -2838 0
35 2843 -2838 0
-39 48 -2848 0
-39 2848 -2843 0
48 2848 -2843 0
-40 53 -2853 0
-40 2853 -2848 0
53 2853 -2848 0
-41 57 -2858 0
-41 2858 -2853 0
57 2858 -2853 0
-43 61 -2863 0
-43 2863 -2858 0
61 2863 -2858 0
-44 62 -2868 0
-44 2868 -2863 0
62 2868 -2863 0
-45 63 -2873 0
-45 2873 -2868 0
63 2873 -2868 0
-45 63 -2873 0
-4 9 0
-4 2879 0
9 2879 0
-14 19 -2881 0
-14 2881 -2879 0
19 2881 -2879 0
-23 28 -2886 0
-23 2886 -2881 0
28 2886 -2881 0
-31 36 -2891 0
-31 2891 -2886 0
36 2891 -2886 0
-39 49 -2896 0
-39 2896 -2891 0
49 2896 -2891 0
-40 54 -2901 0
-40 2901 -2896 0
54 2901 -2896 0
-41 58 -2906 0
-41 2906 -2901 0
58 2906 -2901 0
-42 61 -2911 0
-42 2911 -2906 0
61 2911 -2906 0
-44 64 -2916 0
-44 2916 -2911 0
64 2916 -2911 0
-45 65 -2921 0
-45 2921 -2916 0
65 2921 -2916 0
-45 65 -2921 0
-4 10 0
-4 2927 0
10 2927 0
-14 20 -2929 0
-14 2929 -2927 0
20 2929 -2927 0
-23 29 -2934 0
-23 2934 -2929 0
29 2934 -2929 0
-31 37 -2939 0
-31 2939 -2934 0
37 2939 -2934 0
-39 50 -2944 0
-39 2944 -2939 0
50 2944 -2939 0
-40 55 -2949 0
-40 2949 -2944 0
55 2949 -2944 0
-41 59 -2954 0
-41 2954 -2949 0
59 2954 -2949 0
-42 62 -2959 0
-42 2959 -2954 0
62 2959 -2954 0
-43 64 -2964 0
-43 2964 -2959 0
64 2964 -2959 0
-45 66 -2969 0
-45 2969 -2964 0
66 2969 -2964 0
-45 66 -2969 0
-4 11 0
-4 2975 0
11 2975 0
-14 21 -2977 0
-14 2977 -2975 0
21 2977 -2975 0
-23 30 -2982 0
-23 2982 -2977 0
30 2982 -2977 0
-31 38 -2987 0
-31 2987 -2982 0
38 2987 -2982 0
-39 51 -2992 0
-39 2992 -2987 0
51 2992 -2987 0
-40 56 -2997 0
-40 2997 -2992 0
56 2997 -2992 0
-41 60 -3002 0
-41 3002 -2997 0
60 3002 -2997 0
-42 63 -3007 0
-42 3007 -3002 0
63 3007 -3002 0
-43 65 -3012 0
-43 3012 -3007 0
65 3012 -3007 0
-44 66 -3017 0
-44 3017 -3012 0
66 3017 -3012 0
-44 66 -3017 0
-5 6 0
-5 3023 0
6 3023 0
-15 16 -3025 0
-15 3025 -3023 0
16 3025 -3023 0
-24 25 -3030 0
-24 3030 -3025 0
25 3030 -3025 0
-32 33 -3035 0
-32 3035 -3030 0
33 3035 -3030 0
-39 40 -3040 0
-39 3040 -3035 0
40 3040 -3035 0
-47 52 -3045 0
-47 3045 -3040 0
52 3045 -3040 0
-48 53 -3050 0
-48 3050 -3045 0
53 3050 -3045 0
-49 54 -3055 0
-49 3055 -3050 0
54 3055 -3050 0
-50 55 -3060 0
-50 3060 -3055 0
55 3060 -3055 0
-51 56 -3065 0
-51 3065 -3060 0
56 3065 -3060 0
-51 56 -3065 0
-5 7 0
-5 3071 0
7 3071 0
-15 17 -3073 0
-15 3073 -3071 0
17 3073 -3071 0
-24 26 -3078 0
-24 3078 -3073 0
26 3078 -3073 0
-32 34 -3083 0
-32 3083 -3078 0
34 3083 -3078 0
-39 41 -3088 0
-39 3088 -3083 0
41 3088 -3083 0
-46 52 -3093 0
-46 3093 -3088 0
52 3093 -3088 0
-48 57 -3098 0
-48 3098 -3093 0
57 3098 -3093 0
-49 58 -3103 0
-49 3103 -3098 0
58 3103 -3098 0
-50 59 -3108 0
-50 3108 -3103 0
59 3108 -3103 0
-51 60 -3113 0
-51 3113 -3108 0
60 3113 -3108 0
-51 60 -3113 0
-5 8 0
-5 3119 0
8 3119 0
-15 18 -3121 0
-15 3121 -3119 0
18 3121 -3119 0
-24 27 -3126 0
-24 3126 -3121 0
27 3126 -3121 0
-32 35 -3131 0
-32 3131 -3126 0
35 3131 -3126 0
-39 42 -3136 0
-39 3136 -3131 0
42 3136 -3131 0
-46 53 -3141 0
-46 3141 -3136 0
53 3141 -3136 0
-47 57 -3146 0
-47 3146 -3141 0
57 3146 -3141 0
-49 61 -3151 0
-49 3151 -3146 0
61 3151 -3146 0
-50 62 -3156 0
-50 3156 -3151 0
62 3156 -3151 0
-51 63 -3161 0
-51 3161 -3156 0
63 3161 -3156 0
-51 63 -3161 0
-5 9 0
-5 3167 0
9 3167 0
-15 19 -3169 0
-15 3169 -3167 0
19 3169 -3167 0
-24 28 -3174 0
-24 3174 -3169 0
28 3174 -3169 0
-32 36 -3179 0
-32 3179 -3174 0
36 3179 -3174 0
-39 43 -3184 0
-39 3184 -3179 0
43 3184 -3179 0
-46 54 -3189 0
-46 3189 -3184 0
54 3189 -3184 0
-47 58 -3194 0
-47 3194 -3189 0
58 3194 -3189 0
-48 61 -3199 0
-48 3199 -3194 0
61 3199 -3194 0
-50 64 -3204 0
-50 3204 -3199 0
64 3204 -3199 0
-51 65 -3209 0
-51 3209 -3204 0
65 3209 -3204 0
-51 65 -3209 0
-5 10 0
-5 3215 0
10 3215 0
-15 20 -3217 0
-15 3217 -3215 0
20 3217 -3215 0
-24 29 -3222 0
-24 3222 -3217 0
29 3222 -3217 0
-32 37 -3227 0
-32 3227 -3222 0
37 3227 -3222 0
-39 44 -3232 0
-39 3232 -3227 0
44 3232 -3227 0
-46 55 -3237 0
-46 3237 -3232 0
55 3237 -3232 0
-47 59 -3242 0
-47 3242 -3237 0
59 3242 -3237 0
-48 62 -3247 0
-48 3247 -3242 0
62 3247 -3242 0
-49 64 -3252 0
-49 3252 -3247 0
64 3252 -3247 0
-51 66 -3257 0
-51 3257 -3252 0
66 3257 -3252 0
-51 66 -3257 0
-5 11 0
-5 3263 0
11 3263 0
-15 21 -3265 0
-15 3265 -3263 0
21 3265 -3263 0
-24 30 -3270 0
-24 3270 -3265 0
30 3270 -3265 0
-32 38 -3275 0
-32 3275 -3270 0
38 3275 -3270 0
-39 45 -3280 0
-39 3280 -3275 0
45 3280 -3275 0
-46 56 -3285 0
-46 3285 -3280 0
56 3285 -3280 0
-47 60 -3290 0
-47 3290 -3285 0
60 3290 -3285 0
-48 63 -3295 0
-48 3295 -3290 0
63 3295 -3290 0
-49 65 -3300 0
-49 3300 -3295 0
65 3300 -3295 0
-50 66 -3305 0
-50 3305 -3300 0
66 3305 -3300 0
-50 66 -3305 0
-6 7 0
-6 3311 0
7 3311 0
-16 17 -3313 0
-16 3313 -3311 0
17 3313 -3311 0
-25 26 -3318 0
-25 3318 -3313 0
26 3318 -3313 0
-33 34 -3323 0
-33 3323 -3318 0
34 3323 -3318 0
-40 41 -3328 0
-40 3328 -3323 0
41 3328 -3323 0
-46 47 -3333 0
-46 3333 -3328 0
47 3333 -3328 0
-53 57 -3338 0
-53 3338 -3333 0
57 3338 -3333 0
-54 58 -3343 0
-54 3343 -3338 0
58 3343 -3338 0
-55 59 -3348 0
-55 3348 -3343 0
59 3348 -3343 0
-56 60 -3353 0
-56 3353 -3348 0
60 3353 -3348 0
-56 60 -3353 0
-6 8 0
-6 3359 0
8 3359 0
-16 18 -3361 0
-16 3361 -3359 0
18 3361 -3359 0
-25 27 -3366 0
-25 3366 -3361 0
27 3366 -3361 0
-33 35 -3371 0
-33 3371 -3366 0
35 3371 -3366 0
-40 42 -3376 0
-40 3376 -3371 0
42 3376 -3371 0
-46 48 -3381 0
-46 3381 -3376 0
48 3381 -3376 0
-52 57 -3386 0
-52 3386 -3381 0
57 3386 -3381 0
-54 61 -3391 0
-54 3391 -3386 0
61 3391 -3386 0
-55 62 -3396 0
-55 3396 -3391 0
62 3396 -3391 0
-56 63 -3401 0
-56 3401 -3396 0
63 3401 -3396 0
-56 63 -3401 0
-6 9 0
-6 3407 0
9 3407 0
-16 19 -3409 0
-16 3409 -3407 0
19 3409 -3407 0
-25 28 -3414 0
-25 3414 -3409 0
28 3414 -3409 0
-33 36 -3419 0
-33 3419 -3414 0
36 3419 -3414 0
-40 43 -3424 0
-40 3424 -3419 0
43 3424 -3419 0
-46 49 -3429 0
-46 3429 -3424 0
49 3429 -3424 0
-52 58 -3434 0
-52 3434 -3429 0
58 3434 -3429 0
-53 61 -3439 0
-53 3439 -3434 0
61 3439 -3434 0
-55 64 -3444 0
-55 3444 -3439 0
64 3444 -3439 0
-56 65 -3449 0
-56 3449 -3444 0
65 3449 -3444 0
-56 65 -3449 0
-6 10 0
-6 3455 0
10 3455 0
-16 20 -3457 0
-16 3457 -3455 0
20 3457 -3455 0
-25 29 -3462 0
-25 3462 -3457 0
29 3462 -3457 0
-33 37 -3467 0
-33 3467 -3462 0
37 3467 -3462 0
-40 44 -3472 0
-40 3472 -3467 0
44 3472 -3467 0
-46 50 -3477 0
-46 3477 -3472 0
50 3477 -3472 0
-52 59 -3482 0
-52 3482 -3477 0
59 3482 -3477 0
-53 62 -3487 0
-53 3487 -3482 0
62 3487 -3482 0
-54 64 -3492 0
-54 3492 -3487 0
64 3492 -3487 0
-56 66 -3497 0
-56 3497 -3492 0
66 3497 -3492 0
-56 66 -3497 0
-6 11 0
-6 3503 0
11 3503 0
-16 21 -3505 0
-16 3505 -3503 0
21 3505 -3503 0
-25 30 -3510 0
-25 3510 -3505 0
30 3510 -3505 0
-33 38 -3515 0
-33 3515 -3510 0
38 3515 -3510 0
-40 45 -3520 0
-40 3520 -3515 0
45 3520 -3515 0
-46 51 -3525 0
-46 3525 -3520 0
51 3525 -3520 0
-52 60 -3530 0
-52 3530 -3525 0
60 3530 -3525 0
-53 63 -3535 0
-53 3535 -3530 0
63 3535 -3530 0
-54 65 -3540 0
-54 3540 -3535 0
65 3540 -3535 0
-55 66 -3545 0
-55 3545 -3540 0
66 3545 -3540 0
-55 66 -3545 0
-7 8 0
-7 3551 0
8 3551 0
-17 18 -3553 0
-17 3553 -3551 0
18 3553 -3551 0
-26 27 -3558 0
-26 3558 -3553 0
27 3558 -3553 0
-34 35 -3563 0
-34 3563 -3558 0
35 3563 -3558 0
-41 42 -3568 0
-41 3568 -3563 0
42 3568 -3563 0
-47 48 -3573 0
-47 3573 -3568 0
48 3573 -3568 0
-52 53 -3578 0
-52 3578 -3573 0
53 3578 -3573 0
-58 61 -3583 0
-58 3583 -3578 0
61 3583 -3578 0
-59 62 -3588 0
-59 3588 -3583 0
62 3588 -3583 0
-60 63 -3593 0
-60 3593 -3588 0
63 3593 -3588 0
-60 63 -3593 0
-7 9 0
-7 3599 0
9 3599 0
-17 19 -3601 0
-17 3601 -3599 0
19 3601 -3599 0
-26 28 -3606 0
-26 3606 -3601 0
28 3606 -3601 0
-34 36 -3611 0
-34 3611 -3606 0
36 3611 -3606 0
-41 43 -3616 0
-41 3616 -3611 0
43 3616 -3611 0
-47 49 -3621 0
-47 3621 -3616 0
49 3621 -3616 0
-52 54 -3626 0
-52 3626 -3621 0
54 3626 -3621 0
-57 61 -3631 0
-57 3631 -3626 0
61 3631 -3626 0
-59 64 -3636 0
-59 3636 -3631 0
64 3636 -3631 0
-60 65 -3641 0
-60 3641 -3636 0
65 3641 -3636 0
-60 65 -3641 0
-7 10 0
-7 3647 0
10 3647 0
-17 20 -3649 0
-17 3649 -3647 0
20 3649 -3647 0
-26 29 -3654 0
-26 3654 -3649 0
29 3654 -3649 0
-34 37 -3659 0
-34 3659 -3654 0
37 3659 -3654 0
-41 44 -3664 0
-41 3664 -3659 0
44 3664 -3659 0
-47 50 -3669 0
-47 3669 -3664 0
50 3669 -3664 0
-52 55 -3674 0
-52 3674 -3669 0
55 3674 -3669 0
-57 62 -3679 0
-57 3679 -3674 0
62 3679 -3674 0
-58 64 -3684 0
-58 3684 -3679 0
64 3684 -3679 0
-60 66 -3689 0
-60 3689 -3684 0
66 3689 -3684 0
-60 66 -3689 0
-7 11 0
-7 3695 0
11 3695 0
-17 21 -3697 0
-17 3697 -3695 0
21 3697 -3695 0
-26 30 -3702 0
-26 3702 -3697 0
30 3702 -3697 0
-34 38 -3707 0
-34 3707 -3702 0
38 3707 -3702 0
-41 45 -3712 0
-41 3712 -3707 0
45 3712 -3707 0
-47 51 -3717 0
-47 3717 -3712 0
51 3717 -3712 0
-52 56 -3722 0
-52 3722 -3717 0
56 3722 -3717 0
-57 63 -3727 0
-57 3727 -3722 0
63 3727 -3722 0
-58 65 -3732 0
-58 3732 -3727 0
65 3732 -3727 0
-59 66 -3737 0
-59 3737 -3732 0
66 3737 -3732 0
-59 66 -3737 0
-8 9 0
-8 3743 0
9 3743 0
-18 19 -3745 0
-18 3745 -3743 0
19 3745 -3743 0
-27 28 -3750 0
-27 3750 -3745 0
28 3750 -3745 0
-35 36 -3755 0
-35 3755 -3750 0
36 3755 -3750 0
-42 43 -3760 0
-42 3760 -3755 0
43 3760 -3755 0
-48 49 -3765 0
-48 3765 -3760 0
49 3765 -3760 0
-53 54 -3770 0
-53 3770 -3765 0
54 3770 -3765 0
-57 58 -3775 0
-57 3775 -3770 0
58 3775 -3770 0
-62 64 -3780 0
-62 3780 -3775 0
64 3780 -3775 0
-63 65 -3785 0
-63 3785 -3780 0
65 3785 -3780 0
-63 65 -3785 0
-8 10 0
-8 3791 0
10 3791 0
-18 20 -3793 0
-18 3793 -3791 0
20 3793 -3791 0
-27 29 -3798 0
-27 3798 -3793 0
29 3798 -3793 0
-35 37 -3803 0
-35 3803 -3798 0
37 3803 -3798 0
-42 44 -3808 0
-42 3808 -3803 0
44 3808 -3803 0
-48 50 -3813 0
-48 3813 -3808 0
50 3813 -3808 0
-53 55 -3818 0
-53 3818 -3813 0
55 3818 -3813 0
-57 59 -3823 0
-57 3823 -3818 0
59 3823 -3818 0
-61 64 -3828 0
-61 3828 -3823 0
64 3828 -3823 0
-63 66 -3833 0
-63 3833 -3828 0
66 3833 -3828 0
-63 66 -3833 0
-8 11 0
-8 3839 0
11 3839 0
-18 21 -3841 0
-18 3841 -3839 0
21 3841 -3839 0
-27 30 -3846 0
-27 3846 -3841 0
30 3846 -3841 0
-35 38 -3851 0
-35 3851 -3846 0
38 3851 -3846 0
-42 45 -3856 0
-42 3856 -3851 0
45 3856 -3851 0
-48 51 -3861 0
-48 3861 -3856 0
51 3861 -3856 0
-53 56 -3866 0
-53 3866 -3861 0
56 3866 -3861 0
-57 60 -3871 0
-57 3871 -3866 0
60 3871 -3866 0
-61 65 -3876 0
-61 3876 -3871 0
65 3876 -3871 0
-62 66 -3881 0
-62 3881 -3876 0
66 3881 -3876 0
-62 66 -3881 0
-9 10 0
-9 3887 0
10 3887 0
-19 20 -3889 0
-19 3889 -3887 0
20 3889 -3887 0
-28 29 -3894 0
-28 3894 -3889 0
29 3894 -3889 0
-36 37 -3899 0
-36 3899 -3894 0
37 3899 -3894 0
-43 44 -3904 0
-43 3904 -3899 0
44 3904 -3899 0
-49 50 -3909 0
-49 3909 -3904 0
50 3909 -3904 0
-54 55 -3914 0
-54 3914 -3909 0
55 3914 -3909 0
-58 59 -3919 0
-58 3919 -3914 0
59 3919 -3914 0
-61 62 -3924 0
-61 3924 -3919 0
62 3924 -3919 0
-65 66 -3929 0
-65 3929 -3924 0
66 3929 -3924 0
-65 66 -3929 0
-9 11 0
-9 3935 0
11 3935 0
-19 21 -3937 0
-19 3937 -3935 0
21 3937 -3935 0
-28 30 -3942 0
-28 3942 -3937 0
30 3942 -3937 0
-36 38 -3947 0
-36 3947 -3942 0
38 3947 -3942 0
-43 45 -3952 0
-43 3952 -3947 0
45 3952 -3947 0
-49 51 -3957 0
-49 3957 -3952 0
51 3957 -3952 0
-54 56 -3962 0
-54 3962 -3957 0
56 3962 -3957 0
-58 60 -3967 0
-58 3967 -3962 0
60 3967 -3962 0
-61 63 -3972 0
-61 3972 -3967 0
63 3972 -3967 0
-64 66 -3977 0
-64 3977 -3972 0
66 3977 -3972 0
-64 66 -3977 0
-10 11 0
-10 3983 0
11 3983 0
-20 21 -3985 0
-20 3985 -3983 0
21 3985 -3983 0
-29 30 -3990 0
-29 3990 -3985 0
30 3990 -3985 0
-37 38 -3995 0
-37 3995 -3990 0
38 3995 -3990 0
-44 45 -4000 0
-44 4000 -3995 0
45 4000 -3995 0
-50 51 -4005 0
-50 4005 -4000 0
51 4005 -4000 0
-55 56 -4010 0
-55 4010 -4005 0
56 4010 -4005 0
-59 60 -4015 0
-59 4015 -4010 0
60 4015 -4010 0
-62 63 -4020 0
-62 4020 -4015 0
63 4020 -4015 0
-64 65 -4025 0
-64 4025 -4020 0
65 4025 -4020 0
-64 65 -4025 0
-4031 0
-4031 4031 0
4031 -4031 0
-1 1 0
1 -1 0
-2 2 0
2 -2 0
-3 3 0
3 -3 0
-4 4 0
4 -4 0
-5 5 0
5 -5 0
-6 6 0
6 -6 0
-7 7 0
7 -7 0
-8 8 0
8 -8 0
-9 9 0
9 -9 0
-10 10 0
10 -10 0
-11 11 0
11 -11 0
-4036 0
-1 1 0
1 -1 0
-4036 4036 0
4036 -4036 0
-12 12 0
12 -12 0
-13 13 0
13 -13 0
-14 14 0
14 -14 0
-15 15 0
15 -15 0
-16 16 0
16 -16 0
-17 17 0
17 -17 0
-18 18 0
18 -18 0
-19 19 0
19 -19 0
-20 20 0
20 -20 0
-21 21 0
21 -21 0
-4041 0
-2 2 0
2 -2 0
-12 12 0
12 -12 0
-4041 4041 0
4041 -4041 0
-22 22 0
22 -22 0
-23 23 0
23 -23 0
-24 24 0
24 -24 0
-25 25 0
25 -25 0
-26 26 0
26 -26 0
-27 27 0
27 -27 0
-28 28 0
28 -28 0
-29 29 0
29 -29 0
-30 30 0
30 -30 0
-4046 0
-3 3 0
3 -3 0
-13 13 0
13 -13 0
-22 22 0
22 -22 0
-4046 4046 0
4046 -4046 0
-31 31 0
31 -31 0
-32 32 0
32 -32 0
-33 33 0
33 -33 0
-34 34 0
34 -34 0
-35 35 0
35 -35 0
-36 36 0
36 -36 0
-37 37 0
37 -37 0
-38 38 0
38 -38 0
-4051 0
-4 4 0
4 -4 0
-14 14 0
14 -14 0
-23 23 0
23 -23 0
-31 31 0
31 -31 0
-4051 4051 0
4051 -4051 0
-39 39 0
39 -39 0
-40 40 0
40 -40 0
-41 41 0
41 -41 0
-42 42 0
42 -42 0
-43 43 0
43 -43 0
-44 44 0
44 -44 0
-45 45 0
45 -45 0
-4056 0
-5 5 0
5 -5 0
-15 15 0
15 -15 0
-24 24 0
24 -24 0
-32 32 0
32 -32 0
-39 39 0
39 -39 0
-4056 4056 0
4056 -4056 0
-46 46 0
46 -46 0
-47 47 0
47 -47 0
-48 48 0
48 -48 0
-49 49 0
49 -49 0
-50 50 0
50 -50 0
-51 51 0
51 -51 0
-4061 0
-6 6 0
6 -6 0
-16 16 0
16 -16 0
-25 25 0
25 -25 0
-33 33 0
33 -33 0
-40 40 0
40 -40 0
-46 46 0
46 -46 0
-4061 4061 0
4061 -4061 0
-52 52 0
52 -52 0
-53 53 0
53 -53 0
-54 54 0
54 -54 0
-55 55 0
55 -55 0
-56 56 0
56 -56 0
-4066 0
-7 7 0
7 -7 0
-17 17 0
17 -17 0
-26 26 0
26 -26 0
-34 34 0
34 -34 0
-41 41 0
41 -41 0
-47 47 0
47 -47 0
-52 52 0
52 -52 0
-4066 4066 0
4066 -4066 0
-57 57 0
57 -57 0
-58 58 0
58 -58 0
-59 59 0
59 -59 0
-60 60 0
60 -60 0
-4071 0
-8 8 0
8 -8 0
-18 18 0
18 -18 0
-27 27 0
27 -27 0
-35 35 0
35 -35 0
-42 42 0
42 -42 0
-48 48 0
48 -48 0
-53 53 0
53 -53 0
-57 57 0
57 -57 0
-4071 4071 0
4071 -4071 0
-61 61 0
61 -61 0
-62 62 0
62 -62 0
-63 63 0
63 -63 0
-4076 0
-9 9 0
9 -9 0
-19 19 0
19 -19 0
-28 28 0
28 -28 0
-36 36 0
36 -36 0
-43 43 0
43 -43 0
-49 49 0
49 -49 0
-54 54 0
54 -54 0
-58 58 0
58 -58 0
-61 61 0
61 -61 0
-4076 4076 0
4076 -4076 0
-64 64 0
64 -64 0
-65 65 0
65 -65 0
-4081 0
-10 10 0
10 -10 0
-20 20 0
20 -20 0
-29 29 0
29 -29 0
-37 37 0
37 -37 0
-44 44 0
44 -44 0
-50 50 0
50 -50 0
-55 55 0
55 -55 0
-59 59 0
59 -59 0
-62 62 0
62 -62 0
-64 64 0
64 -64 0
-4081 4081 0
4081 -4081 0
-66 66 0
66 -66 0
-4086 0
-11 11 0
11 -11 0
-21 21 0
21 -21 0
-30 30 0
30 -30 0
-38 38 0
38 -38 0
-45 45 0
45 -45 0
-51 51 0
51 -51 0
-56 56 0
56 -56 0
-60 60 0
60 -60 0
-63 63 0
63 -63 0
-65 65 0
65 -65 0
-66 66 0
66 -66 0
-4086 4086 0
4086 -4086 0
