p cnf 271 505
-12 16 0
-1 -11 16 0
-16 12 1 0
-16 12 11 0
-13 17 0
-1 -12 17 0
-17 13 1 0
-17 13 12 0
-14 18 0
-1 -13 18 0
-18 14 1 0
-18 14 13 0
-16 20 0
-2 -15 20 0
-20 16 2 0
-20 16 15 0
-17 21 0
-2 -16 21 0
-21 17 2 0
-21 17 16 0
-18 22 0
-2 -17 22 0
-22 18 2 0
-22 18 17 0
-20 24 0
-3 -19 24 0
-24 20 3 0
-24 20 19 0
-21 25 0
-3 -20 25 0
-25 21 3 0
-25 21 20 0
-22 26 0
-3 -21 26 0
-26 22 3 0
-26 22 21 0
-24 28 0
-4 -23 28 0
-28 24 4 0
-28 24 23 0
-25 29 0
-4 -24 29 0
-29 25 4 0
-29 25 24 0
-26 30 0
-4 -25 30 0
-30 26 4 0
-30 26 25 0
-32 36 0
-5 -31 36 0
-36 32 5 0
-36 32 31 0
-33 37 0
-5 -32 37 0
-37 33 5 0
-37 33 32 0
-34 38 0
-5 -33 38 0
-38 34 5 0
-38 34 33 0
-36 40 0
-6 -35 40 0
-40 36 6 0
-40 36 35 0
-37 41 0
-6 -36 41 0
-41 37 6 0
-41 37 36 0
-38 42 0
-6 -37 42 0
-42 38 6 0
-42 38 37 0
-40 44 0
-7 -39 44 0
-44 40 7 0
-44 40 39 0
-41 45 0
-7 -40 45 0
-45 41 7 0
-45 41 40 0
-42 46 0
-7 -41 46 0
-46 42 7 0
-46 42 41 0
-44 48 0
-1 -43 48 0
-48 44 1 0
-48 44 43 0
-45 49 0
-1 -44 49 0
-49 45 1 0
-49 45 44 0
-46 50 0
-1 -45 50 0
-50 46 1 0
-50 46 45 0
-52 56 0
-8 -51 56 0
-56 52 8 0
-56 52 51 0
-53 57 0
-8 -52 57 0
-57 53 8 0
-57 53 52 0
-54 58 0
-8 -53 58 0
-58 54 8 0
-58 54 53 0
-56 60 0
-9 -55 60 0
-60 56 9 0
-60 56 55 0
-57 61 0
-9 -56 61 0
-61 57 9 0
-61 57 56 0
-58 62 0
-9 -57 62 0
-62 58 9 0
-62 58 57 0
-60 64 0
-2 -59 64 0
-64 60 2 0
-64 60 59 0
-61 65 0
-2 -60 65 0
-65 61 2 0
-65 61 60 0
-62 66 0
-2 -61 66 0
-66 62 2 0
-66 62 61 0
-64 68 0
-5 -63 68 0
-68 64 5 0
-68 64 63 0
-65 69 0
-5 -64 69 0
-69 65 5 0
-69 65 64 0
-66 70 0
-5 -65 70 0
-70 66 5 0
-70 66 65 0
-72 76 0
-10 -71 76 0
-76 72 10 0
-76 72 71 0
-73 77 0
-10 -72 77 0
-77 73 10 0
-77 73 72 0
-74 78 0
-10 -73 78 0
-78 74 10 0
-78 74 73 0
-76 80 0
-3 -75 80 0
-80 76 3 0
-80 76 75 0
-77 81 0
-3 -76 81 0
-81 77 3 0
-81 77 76 0
-78 82 0
-3 -77 82 0
-82 78 3 0
-82 78 77 0
-80 84 0
-6 -79 84 0
-84 80 6 0
-84 80 79 0
-81 85 0
-6 -80 85 0
-85 81 6 0
-85 81 80 0
-82 86 0
-6 -81 86 0
-86 82 6 0
-86 82 81 0
-84 88 0
-8 -83 88 0
-88 84 8 0
-88 84 83 0
-85 89 0
-8 -84 89 0
-89 85 8 0
-89 85 84 0
-86 90 0
-8 -85 90 0
-90 86 8 0
-90 86 85 0
-92 96 0
-4 -91 96 0
-96 92 4 0
-96 92 91 0
-93 97 0
-4 -92 97 0
-97 93 4 0
-97 93 92 0
-94 98 0
-4 -93 98 0
-98 94 4 0
-98 94 93 0
-96 100 0
-7 -95 100 0
-100 96 7 0
-100 96 95 0
-97 101 0
-7 -96 101 0
-101 97 7 0
-101 97 96 0
-98 102 0
-7 -97 102 0
-102 98 7 0
-102 98 97 0
-100 104 0
-9 -99 104 0
-104 100 9 0
-104 100 99 0
-101 105 0
-9 -100 105 0
-105 101 9 0
-105 101 100 0
-102 106 0
-9 -101 106 0
-106 102 9 0
-106 102 101 0
-104 108 0
-10 -103 108 0
-108 104 10 0
-108 104 103 0
-105 109 0
-10 -104 109 0
-109 105 10 0
-109 105 104 0
-106 110 0
-10 -105 110 0
-110 106 10 0
-110 106 105 0
11 0
-12 0
-13 0
-14 0
15 0
-17 0
-18 0
19 0
-22 0
23 0
27 0
30 0
31 0
-32 0
-33 0
-34 0
35 0
-37 0
-38 0
39 0
-42 0
43 0
47 0
50 0
51 0
-52 0
-53 0
-54 0
55 0
-57 0
-58 0
59 0
-62 0
63 0
67 0
70 0
71 0
-72 0
-73 0
-74 0
75 0
-77 0
-78 0
79 0
-82 0
83 0
87 0
90 0
91 0
-92 0
-93 0
-94 0
95 0
-97 0
-98 0
99 0
-102 0
103 0
107 0
110 0
-1 -3 -5 -8 0
-2 -3 -5 -6 0
-1 -2 -6 -8 0
-1 -4 -5 -9 0
-2 -4 -5 -7 0
-1 -2 -7 -9 0
-1 -4 -6 -10 0
-3 -4 -6 -7 0
-1 -3 -7 -10 0
-2 -4 -8 -10 0
-3 -4 -8 -9 0
-2 -3 -9 -10 0
-5 -7 -8 -10 0
-6 -7 -8 -9 0
-5 -6 -9 -10 0
1 -111 0
5 -111 0
2 -111 0
1 -112 0
6 -112 0
3 -112 0
1 -113 0
7 -113 0
4 -113 0
2 -114 0
8 -114 0
3 -114 0
2 -115 0
9 -115 0
4 -115 0
3 -116 0
10 -116 0
4 -116 0
5 -117 0
8 -117 0
6 -117 0
5 -118 0
9 -118 0
7 -118 0
6 -119 0
10 -119 0
7 -119 0
8 -120 0
10 -120 0
9 -120 0
111 112 113 114 115 116 0
111 112 113 117 118 119 0
111 114 115 117 118 120 0
112 114 116 117 119 120 0
113 115 116 118 119 120 0
-2 5 0
-2 121 0
5 121 0
-3 6 -123 0
-3 123 -121 0
6 123 -121 0
-4 7 -128 0
-4 128 -123 0
7 128 -123 0
-4 7 -128 0
-1 5 0
-1 134 0
5 134 0
-3 8 -136 0
-3 136 -134 0
8 136 -134 0
-4 9 -141 0
-4 141 -136 0
9 141 -136 0
-4 9 -141 0
-1 6 0
-1 147 0
6 147 0
-2 8 -149 0
-2 149 -147 0
8 149 -147 0
-4 10 -154 0
-4 154 -149 0
10 154 -149 0
-4 10 -154 0
-1 7 0
-1 160 0
7 160 0
-2 9 -162 0
-2 162 -160 0
9 162 -160 0
-3 10 -167 0
-3 167 -162 0
10 167 -162 0
-3 10 -167 0
-1 2 0
-1 173 0
2 173 0
-6 8 -175 0
-6 175 -173 0
8 175 -173 0
-7 9 -180 0
-7 180 -175 0
9 180 -175 0
-7 9 -180 0
-1 3 0
-1 186 0
3 186 0
-5 8 -188 0
-5 188 -186 0
8 188 -186 0
-7 10 -193 0
-7 193 -188 0
10 193 -188 0
-7 10 -193 0
-1 4 0
-1 199 0
4 199 0
-5 9 -201 0
-5 201 -199 0
9 201 -199 0
-6 10 -206 0
-6 206 -201 0
10 206 -201 0
-6 10 -206 0
-2 3 0
-2 212 0
3 212 0
-5 6 -214 0
-5 214 -212 0
6 214 -212 0
-9 10 -219 0
-9 219 -214 0
10 219 -214 0
-9 10 -219 0
-2 4 0
-2 225 0
4 225 0
-5 7 -227 0
-5 227 -225 0
7 227 -225 0
-8 10 -232 0
-8 232 -227 0
10 232 -227 0
-8 10 -232 0
-3 4 0
-3 238 0
4 238 0
-6 7 -240 0
-6 240 -238 0
7 240 -238 0
-8 9 -245 0
-8 245 -240 0
9 245 -240 0
-8 9 -245 0
-251 0
-251 251 0
251 -251 0
-1 1 0
1 -1 0
-2 2 0
2 -2 0
-3 3 0
3 -3 0
-4 4 0
4 -4 0
-256 0
-1 1 0
1 -1 0
-256 256 0
256 -256 0
-5 5 0
5 -5 0
-6 6 0
6 -6 0
-7 7 0
7 -7 0
-261 0
-2 2 0
2 -2 0
-5 5 0
5 -5 0
-261 261 0
261 -261 0
-8 8 0
8 -8 0
-9 9 0
9 -9 0
-266 0
-3 3 0
3 -3 0
-6 6 0
6 -6 0
-8 8 0
8 -8 0
-266 266 0
266 -266 0
-10 10 0
10 -10 0
-271 0
-4 4 0
4 -4 0
-7 7 0
7 -7 0
-9 9 0
9 -9 0
-10 10 0
10 -10 0
-271 271 0
271 -271 0
