p cnf 2321 3585
-47 51 0
-1 -46 51 0
-51 47 1 0
-51 47 46 0
-48 52 0
-1 -47 52 0
-52 48 1 0
-52 48 47 0
-49 53 0
-1 -48 53 0
-53 49 1 0
-53 49 48 0
-51 55 0
-2 -50 55 0
-55 51 2 0
-55 51 50 0
-52 56 0
-2 -51 56 0
-56 52 2 0
-56 52 51 0
-53 57 0
-2 -52 57 0
-57 53 2 0
-57 53 52 0
-55 59 0
-3 -54 59 0
-59 55 3 0
-59 55 54 0
-56 60 0
-3 -55 60 0
-60 56 3 0
-60 56 55 0
-57 61 0
-3 -56 61 0
-61 57 3 0
-61 57 56 0
-59 63 0
-4 -58 63 0
-63 59 4 0
-63 59 58 0
-60 64 0
-4 -59 64 0
-64 60 4 0
-64 60 59 0
-61 65 0
-4 -60 65 0
-65 61 4 0
-65 61 60 0
-63 67 0
-5 -62 67 0
-67 63 5 0
-67 63 62 0
-64 68 0
-5 -63 68 0
-68 64 5 0
-68 64 63 0
-65 69 0
-5 -64 69 0
-69 65 5 0
-69 65 64 0
-67 71 0
-6 -66 71 0
-71 67 6 0
-71 67 66 0
-68 72 0
-6 -67 72 0
-72 68 6 0
-72 68 67 0
-69 73 0
-6 -68 73 0
-73 69 6 0
-73 69 68 0
-71 75 0
-7 -70 75 0
-75 71 7 0
-75 71 70 0
-72 76 0
-7 -71 76 0
-76 72 7 0
-76 72 71 0
-73 77 0
-7 -72 77 0
-77 73 7 0
-77 73 72 0
-75 79 0
-8 -74 79 0
-79 75 8 0
-79 75 74 0
-76 80 0
-8 -75 80 0
-80 76 8 0
-80 76 75 0
-77 81 0
-8 -76 81 0
-81 77 8 0
-81 77 76 0
-79 83 0
-9 -78 83 0
-83 79 9 0
-83 79 78 0
-80 84 0
-9 -79 84 0
-84 80 9 0
-84 80 79 0
-81 85 0
-9 -80 85 0
-85 81 9 0
-85 81 80 0
-87 91 0
-10 -86 91 0
-91 87 10 0
-91 87 86 0
-88 92 0
-10 -87 92 0
-92 88 10 0
-92 88 87 0
-89 93 0
-10 -88 93 0
-93 89 10 0
-93 89 88 0
-91 95 0
-11 -90 95 0
-95 91 11 0
-95 91 90 0
-92 96 0
-11 -91 96 0
-96 92 11 0
-96 92 91 0
-93 97 0
-11 -92 97 0
-97 93 11 0
-97 93 92 0
-95 99 0
-12 -94 99 0
-99 95 12 0
-99 95 94 0
-96 100 0
-12 -95 100 0
-100 96 12 0
-100 96 95 0
-97 101 0
-12 -96 101 0
-101 97 12 0
-101 97 96 0
-99 103 0
-13 -98 103 0
-103 99 13 0
-103 99 98 0
-100 104 0
-13 -99 104 0
-104 100 13 0
-104 100 99 0
-101 105 0
-13 -100 105 0
-105 101 13 0
-105 101 100 0
-103 107 0
-14 -102 107 0
-107 103 14 0
-107 103 102 0
-104 108 0
-14 -103 108 0
-108 104 14 0
-108 104 103 0
-105 109 0
-14 -104 109 0
-109 105 14 0
-109 105 104 0
-107 111 0
-15 -106 111 0
-111 107 15 0
-111 107 106 0
-108 112 0
-15 -107 112 0
-112 108 15 0
-112 108 107 0
-109 113 0
-15 -108 113 0
-113 109 15 0
-113 109 108 0
-111 115 0
-16 -110 115 0
-115 111 16 0
-115 111 110 0
-112 116 0
-16 -111 116 0
-116 112 16 0
-116 112 111 0
-113 117 0
-16 -112 117 0
-117 113 16 0
-117 113 112 0
-115 119 0
-17 -114 119 0
-119 115 17 0
-119 115 114 0
-116 120 0
-17 -115 120 0
-120 116 17 0
-120 116 115 0
-117 121 0
-17 -116 121 0
-121 117 17 0
-121 117 116 0
-119 123 0
-1 -118 123 0
-123 119 1 0
-123 119 118 0
-120 124 0
-1 -119 124 0
-124 120 1 0
-124 120 119 0
-121 125 0
-1 -120 125 0
-125 121 1 0
-125 121 120 0
-127 131 0
-18 -126 131 0
-131 127 18 0
-131 127 126 0
-128 132 0
-18 -127 132 0
-132 128 18 0
-132 128 127 0
-129 133 0
-18 -128 133 0
-133 129 18 0
-133 129 128 0
-131 135 0
-19 -130 135 0
-135 131 19 0
-135 131 130 0
-132 136 0
-19 -131 136 0
-136 132 19 0
-136 132 131 0
-133 137 0
-19 -132 137 0
-137 133 19 0
-137 133 132 0
-135 139 0
-20 -134 139 0
-139 135 20 0
-139 135 134 0
-136 140 0
-20 -135 140 0
-140 136 20 0
-140 136 135 0
-137 141 0
-20 -136 141 0
-141 137 20 0
-141 137 136 0
-139 143 0
-21 -138 143 0
-143 139 21 0
-143 139 138 0
-140 144 0
-21 -139 144 0
-144 140 21 0
-144 140 139 0
-141 145 0
-21 -140 145 0
-145 141 21 0
-145 141 140 0
-143 147 0
-22 -142 147 0
-147 143 22 0
-147 143 142 0
-144 148 0
-22 -143 148 0
-148 144 22 0
-148 144 143 0
-145 149 0
-22 -144 149 0
-149 145 22 0
-149 145 144 0
-147 151 0
-23 -146 151 0
-151 147 23 0
-151 147 146 0
-148 152 0
-23 -147 152 0
-152 148 23 0
-152 148 147 0
-149 153 0
-23 -148 153 0
-153 149 23 0
-153 149 148 0
-151 155 0
-24 -150 155 0
-155 151 24 0
-155 151 150 0
-152 156 0
-24 -151 156 0
-156 152 24 0
-156 152 151 0
-153 157 0
-24 -152 157 0
-157 153 24 0
-157 153 152 0
-155 159 0
-2 -154 159 0
-159 155 2 0
-159 155 154 0
-156 160 0
-2 -155 160 0
-160 156 2 0
-160 156 155 0
-157 161 0
-2 -156 161 0
-161 157 2 0
-161 157 156 0
-159 163 0
-10 -158 163 0
-163 159 10 0
-163 159 158 0
-160 164 0
-10 -159 164 0
-164 160 10 0
-164 160 159 0
-161 165 0
-10 -160 165 0
-165 161 10 0
-165 161 160 0
-167 171 0
-25 -166 171 0
-171 167 25 0
-171 167 166 0
-168 172 0
-25 -167 172 0
-172 168 25 0
-172 168 167 0
-169 173 0
-25 -168 173 0
-173 169 25 0
-173 169 168 0
-171 175 0
-26 -170 175 0
-175 171 26 0
-175 171 170 0
-172 176 0
-26 -171 176 0
-176 172 26 0
-176 172 171 0
-173 177 0
-26 -172 177 0
-177 173 26 0
-177 173 172 0
-175 179 0
-27 -174 179 0
-179 175 27 0
-179 175 174 0
-176 180 0
-27 -175 180 0
-180 176 27 0
-180 176 175 0
-177 181 0
-27 -176 181 0
-181 177 27 0
-181 177 176 0
-179 183 0
-28 -178 183 0
-183 179 28 0
-183 179 178 0
-180 184 0
-28 -179 184 0
-184 180 28 0
-184 180 179 0
-181 185 0
-28 -180 185 0
-185 181 28 0
-185 181 180 0
-183 187 0
-29 -182 187 0
-187 183 29 0
-187 183 182 0
-184 188 0
-29 -183 188 0
-188 184 29 0
-188 184 183 0
-185 189 0
-29 -184 189 0
-189 185 29 0
-189 185 184 0
-187 191 0
-30 -186 191 0
-191 187 30 0
-191 187 186 0
-188 192 0
-30 -187 192 0
-192 188 30 0
-192 188 187 0
-189 193 0
-30 -188 193 0
-193 189 30 0
-193 189 188 0
-191 195 0
-3 -190 195 0
-195 191 3 0
-195 191 190 0
-192 196 0
-3 -191 196 0
-196 192 3 0
-196 192 191 0
-193 197 0
-3 -192 197 0
-197 193 3 0
-197 193 192 0
-195 199 0
-11 -194 199 0
-199 195 11 0
-199 195 194 0
-196 200 0
-11 -195 200 0
-200 196 11 0
-200 196 195 0
-197 201 0
-11 -196 201 0
-201 197 11 0
-201 197 196 0
-199 203 0
-18 -198 203 0
-203 199 18 0
-203 199 198 0
-200 204 0
-18 -199 204 0
-204 200 18 0
-204 200 199 0
-201 205 0
-18 -200 205 0
-205 201 18 0
-205 201 200 0
-207 211 0
-31 -206 211 0
-211 207 31 0
-211 207 206 0
-208 212 0
-31 -207 212 0
-212 208 31 0
-212 208 207 0
-209 213 0
-31 -208 213 0
-213 209 31 0
-213 209 208 0
-211 215 0
-32 -210 215 0
-215 211 32 0
-215 211 210 0
-212 216 0
-32 -211 216 0
-216 212 32 0
-216 212 211 0
-213 217 0
-32 -212 217 0
-217 213 32 0
-217 213 212 0
-215 219 0
-33 -214 219 0
-219 215 33 0
-219 215 214 0
-216 220 0
-33 -215 220 0
-220 216 33 0
-220 216 215 0
-217 221 0
-33 -216 221 0
-221 217 33 0
-221 217 216 0
-219 223 0
-34 -218 223 0
-223 219 34 0
-223 219 218 0
-220 224 0
-34 -219 224 0
-224 220 34 0
-224 220 219 0
-221 225 0
-34 -220 225 0
-225 221 34 0
-225 221 220 0
-223 227 0
-35 -222 227 0
-227 223 35 0
-227 223 222 0
-224 228 0
-35 -223 228 0
-228 224 35 0
-228 224 223 0
-225 229 0
-35 -224 229 0
-229 225 35 0
-229 225 224 0
-227 231 0
-4 -226 231 0
-231 227 4 0
-231 227 226 0
-228 232 0
-4 -227 232 0
-232 228 4 0
-232 228 227 0
-229 233 0
-4 -228 233 0
-233 229 4 0
-233 229 228 0
-231 235 0
-12 -230 235 0
-235 231 12 0
-235 231 230 0
-232 236 0
-12 -231 236 0
-236 232 12 0
-236 232 231 0
-233 237 0
-12 -232 237 0
-237 233 12 0
-237 233 232 0
-235 239 0
-19 -234 239 0
-239 235 19 0
-239 235 234 0
-236 240 0
-19 -235 240 0
-240 236 19 0
-240 236 235 0
-237 241 0
-19 -236 241 0
-241 237 19 0
-241 237 236 0
-239 243 0
-25 -238 243 0
-243 239 25 0
-243 239 238 0
-240 244 0
-25 -239 244 0
-244 240 25 0
-244 240 239 0
-241 245 0
-25 -240 245 0
-245 241 25 0
-245 241 240 0
-247 251 0
-36 -246 251 0
-251 247 36 0
-251 247 246 0
-248 252 0
-36 -247 252 0
-252 248 36 0
-252 248 247 0
-249 253 0
-36 -248 253 0
-253 249 36 0
-253 249 248 0
-251 255 0
-37 -250 255 0
-255 251 37 0
-255 251 250 0
-252 256 0
-37 -251 256 0
-256 252 37 0
-256 252 251 0
-253 257 0
-37 -252 257 0
-257 253 37 0
-257 253 252 0
-255 259 0
-38 -254 259 0
-259 255 38 0
-259 255 254 0
-256 260 0
-38 -255 260 0
-260 256 38 0
-260 256 255 0
-257 261 0
-38 -256 261 0
-261 257 38 0
-261 257 256 0
-259 263 0
-39 -258 263 0
-263 259 39 0
-263 259 258 0
-260 264 0
-39 -259 264 0
-264 260 39 0
-264 260 259 0
-261 265 0
-39 -260 265 0
-265 261 39 0
-265 261 260 0
-263 267 0
-5 -262 267 0
-267 263 5 0
-267 263 262 0
-264 268 0
-5 -263 268 0
-268 264 5 0
-268 264 263 0
-265 269 0
-5 -264 269 0
-269 265 5 0
-269 265 264 0
-267 271 0
-13 -266 271 0
-271 267 13 0
-271 267 266 0
-268 272 0
-13 -267 272 0
-272 268 13 0
-272 268 267 0
-269 273 0
-13 -268 273 0
-273 269 13 0
-273 269 268 0
-271 275 0
-20 -270 275 0
-275 271 20 0
-275 271 270 0
-272 276 0
-20 -271 276 0
-276 272 20 0
-276 272 271 0
-273 277 0
-20 -272 277 0
-277 273 20 0
-277 273 272 0
-275 279 0
-26 -274 279 0
-279 275 26 0
-279 275 274 0
-276 280 0
-26 -275 280 0
-280 276 26 0
-280 276 275 0
-277 281 0
-26 -276 281 0
-281 277 26 0
-281 277 276 0
-279 283 0
-31 -278 283 0
-283 279 31 0
-283 279 278 0
-280 284 0
-31 -279 284 0
-284 280 31 0
-284 280 279 0
-281 285 0
-31 -280 285 0
-285 281 31 0
-285 281 280 0
-287 291 0
-40 -286 291 0
-291 287 40 0
-291 287 286 0
-288 292 0
-40 -287 292 0
-292 288 40 0
-292 288 287 0
-289 293 0
-40 -288 293 0
-293 289 40 0
-293 289 288 0
-291 295 0
-41 -290 295 0
-295 291 41 0
-295 291 290 0
-292 296 0
-41 -291 296 0
-296 292 41 0
-296 292 291 0
-293 297 0
-41 -292 297 0
-297 293 41 0
-297 293 292 0
-295 299 0
-42 -294 299 0
-299 295 42 0
-299 295 294 0
-296 300 0
-42 -295 300 0
-300 296 42 0
-300 296 295 0
-297 301 0
-42 -296 301 0
-301 297 42 0
-301 297 296 0
-299 303 0
-6 -298 303 0
-303 299 6 0
-303 299 298 0
-300 304 0
-6 -299 304 0
-304 300 6 0
-304 300 299 0
-301 305 0
-6 -300 305 0
-305 301 6 0
-305 301 300 0
-303 307 0
-14 -302 307 0
-307 303 14 0
-307 303 302 0
-304 308 0
-14 -303 308 0
-308 304 14 0
-308 304 303 0
-305 309 0
-14 -304 309 0
-309 305 14 0
-309 305 304 0
-307 311 0
-21 -306 311 0
-311 307 21 0
-311 307 306 0
-308 312 0
-21 -307 312 0
-312 308 21 0
-312 308 307 0
-309 313 0
-21 -308 313 0
-313 309 21 0
-313 309 308 0
-311 315 0
-27 -310 315 0
-315 311 27 0
-315 311 310 0
-312 316 0
-27 -311 316 0
-316 312 27 0
-316 312 311 0
-313 317 0
-27 -312 317 0
-317 313 27 0
-317 313 312 0
-315 319 0
-32 -314 319 0
-319 315 32 0
-319 315 314 0
-316 320 0
-32 -315 320 0
-320 316 32 0
-320 316 315 0
-317 321 0
-32 -316 321 0
-321 317 32 0
-321 317 316 0
-319 323 0
-36 -318 323 0
-323 319 36 0
-323 319 318 0
-320 324 0
-36 -319 324 0
-324 320 36 0
-324 320 319 0
-321 325 0
-36 -320 325 0
-325 321 36 0
-325 321 320 0
-327 331 0
-43 -326 331 0
-331 327 43 0
-331 327 326 0
-328 332 0
-43 -327 332 0
-332 328 43 0
-332 328 327 0
-329 333 0
-43 -328 333 0
-333 329 43 0
-333 329 328 0
-331 335 0
-44 -330 335 0
-335 331 44 0
-335 331 330 0
-332 336 0
-44 -331 336 0
-336 332 44 0
-336 332 331 0
-333 337 0
-44 -332 337 0
-337 333 44 0
-337 333 332 0
-335 339 0
-7 -334 339 0
-339 335 7 0
-339 335 334 0
-336 340 0
-7 -335 340 0
-340 336 7 0
-340 336 335 0
-337 341 0
-7 -336 341 0
-341 337 7 0
-341 337 336 0
-339 343 0
-15 -338 343 0
-343 339 15 0
-343 339 338 0
-340 344 0
-15 -339 344 0
-344 340 15 0
-344 340 339 0
-341 345 0
-15 -340 345 0
-345 341 15 0
-345 341 340 0
-343 347 0
-22 -342 347 0
-347 343 22 0
-347 343 342 0
-344 348 0
-22 -343 348 0
-348 344 22 0
-348 344 343 0
-345 349 0
-22 -344 349 0
-349 345 22 0
-349 345 344 0
-347 351 0
-28 -346 351 0
-351 347 28 0
-351 347 346 0
-348 352 0
-28 -347 352 0
-352 348 28 0
-352 348 347 0
-349 353 0
-28 -348 353 0
-353 349 28 0
-353 349 348 0
-351 355 0
-33 -350 355 0
-355 351 33 0
-355 351 350 0
-352 356 0
-33 -351 356 0
-356 352 33 0
-356 352 351 0
-353 357 0
-33 -352 357 0
-357 353 33 0
-357 353 352 0
-355 359 0
-37 -354 359 0
-359 355 37 0
-359 355 354 0
-356 360 0
-37 -355 360 0
-360 356 37 0
-360 356 355 0
-357 361 0
-37 -356 361 0
-361 357 37 0
-361 357 356 0
-359 363 0
-40 -358 363 0
-363 359 40 0
-363 359 358 0
-360 364 0
-40 -359 364 0
-364 360 40 0
-364 360 359 0
-361 365 0
-40 -360 365 0
-365 361 40 0
-365 361 360 0
-367 371 0
-45 -366 371 0
-371 367 45 0
-371 367 366 0
-368 372 0
-45 -367 372 0
-372 368 45 0
-372 368 367 0
-369 373 0
-45 -368 373 0
-373 369 45 0
-373 369 368 0
-371 375 0
-8 -370 375 0
-375 371 8 0
-375 371 370 0
-372 376 0
-8 -371 376 0
-376 372 8 0
-376 372 371 0
-373 377 0
-8 -372 377 0
-377 373 8 0
-377 373 372 0
-375 379 0
-16 -374 379 0
-379 375 16 0
-379 375 374 0
-376 380 0
-16 -375 380 0
-380 376 16 0
-380 376 375 0
-377 381 0
-16 -376 381 0
-381 377 16 0
-381 377 376 0
-379 383 0
-23 -378 383 0
-383 379 23 0
-383 379 378 0
-380 384 0
-23 -379 384 0
-384 380 23 0
-384 380 379 0
-381 385 0
-23 -380 385 0
-385 381 23 0
-385 381 380 0
-383 387 0
-29 -382 387 0
-387 383 29 0
-387 383 382 0
-384 388 0
-29 -383 388 0
-388 384 29 0
-388 384 383 0
-385 389 0
-29 -384 389 0
-389 385 29 0
-389 385 384 0
-387 391 0
-34 -386 391 0
-391 387 34 0
-391 387 386 0
-388 392 0
-34 -387 392 0
-392 388 34 0
-392 388 387 0
-389 393 0
-34 -388 393 0
-393 389 34 0
-393 389 388 0
-391 395 0
-38 -390 395 0
-395 391 38 0
-395 391 390 0
-392 396 0
-38 -391 396 0
-396 392 38 0
-396 392 391 0
-393 397 0
-38 -392 397 0
-397 393 38 0
-397 393 392 0
-395 399 0
-41 -394 399 0
-399 395 41 0
-399 395 394 0
-396 400 0
-41 -395 400 0
-400 396 41 0
-400 396 395 0
-397 401 0
-41 -396 401 0
-401 397 41 0
-401 397 396 0
-399 403 0
-43 -398 403 0
-403 399 43 0
-403 399 398 0
-400 404 0
-43 -399 404 0
-404 400 43 0
-404 400 399 0
-401 405 0
-43 -400 405 0
-405 401 43 0
-405 401 400 0
-407 411 0
-9 -406 411 0
-411 407 9 0
-411 407 406 0
-408 412 0
-9 -407 412 0
-412 408 9 0
-412 408 407 0
-409 413 0
-9 -408 413 0
-413 409 9 0
-413 409 408 0
-411 415 0
-17 -410 415 0
-415 411 17 0
-415 411 410 0
-412 416 0
-17 -411 416 0
-416 412 17 0
-416 412 411 0
-413 417 0
-17 -412 417 0
-417 413 17 0
-417 413 412 0
-415 419 0
-24 -414 419 0
-419 415 24 0
-419 415 414 0
-416 420 0
-24 -415 420 0
-420 416 24 0
-420 416 415 0
-417 421 0
-24 -416 421 0
-421 417 24 0
-421 417 416 0
-419 423 0
-30 -418 423 0
-423 419 30 0
-423 419 418 0
-420 424 0
-30 -419 424 0
-424 420 30 0
-424 420 419 0
-421 425 0
-30 -420 425 0
-425 421 30 0
-425 421 420 0
-423 427 0
-35 -422 427 0
-427 423 35 0
-427 423 422 0
-424 428 0
-35 -423 428 0
-428 424 35 0
-428 424 423 0
-425 429 0
-35 -424 429 0
-429 425 35 0
-429 425 424 0
-427 431 0
-39 -426 431 0
-431 427 39 0
-431 427 426 0
-428 432 0
-39 -427 432 0
-432 428 39 0
-432 428 427 0
-429 433 0
-39 -428 433 0
-433 429 39 0
-433 429 428 0
-431 435 0
-42 -430 435 0
-435 431 42 0
-435 431 430 0
-432 436 0
-42 -431 436 0
-436 432 42 0
-436 432 431 0
-433 437 0
-42 -432 437 0
-437 433 42 0
-437 433 432 0
-435 439 0
-44 -434 439 0
-439 435 44 0
-439 435 434 0
-436 440 0
-44 -435 440 0
-440 436 44 0
-440 436 435 0
-437 441 0
-44 -436 441 0
-441 437 44 0
-441 437 436 0
-439 443 0
-45 -438 443 0
-443 439 45 0
-443 439 438 0
-440 444 0
-45 -439 444 0
-444 440 45 0
-444 440 439 0
-441 445 0
-45 -440 445 0
-445 441 45 0
-445 441 440 0
46 0
-47 0
-48 0
-49 0
50 0
-52 0
-53 0
54 0
-57 0
58 0
62 0
66 0
70 0
74 0
78 0
82 0
85 0
86 0
-87 0
-88 0
-89 0
90 0
-92 0
-93 0
94 0
-97 0
98 0
102 0
106 0
110 0
114 0
118 0
122 0
125 0
126 0
-127 0
-128 0
-129 0
130 0
-132 0
-133 0
134 0
-137 0
138 0
142 0
146 0
150 0
154 0
158 0
162 0
165 0
166 0
-167 0
-168 0
-169 0
170 0
-172 0
-173 0
174 0
-177 0
178 0
182 0
186 0
190 0
194 0
198 0
202 0
205 0
206 0
-207 0
-208 0
-209 0
210 0
-212 0
-213 0
214 0
-217 0
218 0
222 0
226 0
230 0
234 0
238 0
242 0
245 0
246 0
-247 0
-248 0
-249 0
250 0
-252 0
-253 0
254 0
-257 0
258 0
262 0
266 0
270 0
274 0
278 0
282 0
285 0
286 0
-287 0
-288 0
-289 0
290 0
-292 0
-293 0
294 0
-297 0
298 0
302 0
306 0
310 0
314 0
318 0
322 0
325 0
326 0
-327 0
-328 0
-329 0
330 0
-332 0
-333 0
334 0
-337 0
338 0
342 0
346 0
350 0
354 0
358 0
362 0
365 0
366 0
-367 0
-368 0
-369 0
370 0
-372 0
-373 0
374 0
-377 0
378 0
382 0
386 0
390 0
394 0
398 0
402 0
405 0
406 0
-407 0
-408 0
-409 0
410 0
-412 0
-413 0
414 0
-417 0
418 0
422 0
426 0
430 0
434 0
438 0
442 0
445 0
-1 -3 -10 -18 0
-2 -3 -10 -11 0
-1 -2 -11 -18 0
-1 -4 -10 -19 0
-2 -4 -10 -12 0
-1 -2 -12 -19 0
-1 -5 -10 -20 0
-2 -5 -10 -13 0
-1 -2 -13 -20 0
-1 -6 -10 -21 0
-2 -6 -10 -14 0
-1 -2 -14 -21 0
-1 -7 -10 -22 0
-2 -7 -10 -15 0
-1 -2 -15 -22 0
-1 -8 -10 -23 0
-2 -8 -10 -16 0
-1 -2 -16 -23 0
-1 -9 -10 -24 0
-2 -9 -10 -17 0
-1 -2 -17 -24 0
-1 -4 -11 -25 0
-3 -4 -11 -12 0
-1 -3 -12 -25 0
-1 -5 -11 -26 0
-3 -5 -11 -13 0
-1 -3 -13 -26 0
-1 -6 -11 -27 0
-3 -6 -11 -14 0
-1 -3 -14 -27 0
-1 -7 -11 -28 0
-3 -7 -11 -15 0
-1 -3 -15 -28 0
-1 -8 -11 -29 0
-3 -8 -11 -16 0
-1 -3 -16 -29 0
-1 -9 -11 -30 0
-3 -9 -11 -17 0
-1 -3 -17 -30 0
-1 -5 -12 -31 0
-4 -5 -12 -13 0
-1 -4 -13 -31 0
-1 -6 -12 -32 0
-4 -6 -12 -14 0
-1 -4 -14 -32 0
-1 -7 -12 -33 0
-4 -7 -12 -15 0
-1 -4 -15 -33 0
-1 -8 -12 -34 0
-4 -8 -12 -16 0
-1 -4 -16 -34 0
-1 -9 -12 -35 0
-4 -9 -12 -17 0
-1 -4 -17 -35 0
-1 -6 -13 -36 0
-5 -6 -13 -14 0
-1 -5 -14 -36 0
-1 -7 -13 -37 0
-5 -7 -13 -15 0
-1 -5 -15 -37 0
-1 -8 -13 -38 0
-5 -8 -13 -16 0
-1 -5 -16 -38 0
-1 -9 -13 -39 0
-5 -9 -13 -17 0
-1 -5 -17 -39 0
-1 -7 -14 -40 0
-6 -7 -14 -15 0
-1 -6 -15 -40 0
-1 -8 -14 -41 0
-6 -8 -14 -16 0
-1 -6 -16 -41 0
-1 -9 -14 -42 0
-6 -9 -14 -17 0
-1 -6 -17 -42 0
-1 -8 -15 -43 0
-7 -8 -15 -16 0
-1 -7 -16 -43 0
-1 -9 -15 -44 0
-7 -9 -15 -17 0
-1 -7 -17 -44 0
-1 -9 -16 -45 0
-8 -9 -16 -17 0
-1 -8 -17 -45 0
-2 -4 -18 -25 0
-3 -4 -18 -19 0
-2 -3 -19 -25 0
-2 -5 -18 -26 0
-3 -5 -18 -20 0
-2 -3 -20 -26 0
-2 -6 -18 -27 0
-3 -6 -18 -21 0
-2 -3 -21 -27 0
-2 -7 -18 -28 0
-3 -7 -18 -22 0
-2 -3 -22 -28 0
-2 -8 -18 -29 0
-3 -8 -18 -23 0
-2 -3 -23 -29 0
-2 -9 -18 -30 0
-3 -9 -18 -24 0
-2 -3 -24 -30 0
-2 -5 -19 -31 0
-4 -5 -19 -20 0
-2 -4 -20 -31 0
-2 -6 -19 -32 0
-4 -6 -19 -21 0
-2 -4 -21 -32 0
-2 -7 -19 -33 0
-4 -7 -19 -22 0
-2 -4 -22 -33 0
-2 -8 -19 -34 0
-4 -8 -19 -23 0
-2 -4 -23 -34 0
-2 -9 -19 -35 0
-4 -9 -19 -24 0
-2 -4 -24 -35 0
-2 -6 -20 -36 0
-5 -6 -20 -21 0
-2 -5 -21 -36 0
-2 -7 -20 -37 0
-5 -7 -20 -22 0
-2 -5 -22 -37 0
-2 -8 -20 -38 0
-5 -8 -20 -23 0
-2 -5 -23 -38 0
-2 -9 -20 -39 0
-5 -9 -20 -24 0
-2 -5 -24 -39 0
-2 -7 -21 -40 0
-6 -7 -21 -22 0
-2 -6 -22 -40 0
-2 -8 -21 -41 0
-6 -8 -21 -23 0
-2 -6 -23 -41 0
-2 -9 -21 -42 0
-6 -9 -21 -24 0
-2 -6 -24 -42 0
-2 -8 -22 -43 0
-7 -8 -22 -23 0
-2 -7 -23 -43 0
-2 -9 -22 -44 0
-7 -9 -22 -24 0
-2 -7 -24 -44 0
-2 -9 -23 -45 0
-8 -9 -23 -24 0
-2 -8 -24 -45 0
-3 -5 -25 -31 0
-4 -5 -25 -26 0
-3 -4 -26 -31 0
-3 -6 -25 -32 0
-4 -6 -25 -27 0
-3 -4 -27 -32 0
-3 -7 -25 -33 0
-4 -7 -25 -28 0
-3 -4 -28 -33 0
-3 -8 -25 -34 0
-4 -8 -25 -29 0
-3 -4 -29 -34 0
-3 -9 -25 -35 0
-4 -9 -25 -30 0
-3 -4 -30 -35 0
-3 -6 -26 -36 0
-5 -6 -26 -27 0
-3 -5 -27 -36 0
-3 -7 -26 -37 0
-5 -7 -26 -28 0
-3 -5 -28 -37 0
-3 -8 -26 -38 0
-5 -8 -26 -29 0
-3 -5 -29 -38 0
-3 -9 -26 -39 0
-5 -9 -26 -30 0
-3 -5 -30 -39 0
-3 -7 -27 -40 0
-6 -7 -27 -28 0
-3 -6 -28 -40 0
-3 -8 -27 -41 0
-6 -8 -27 -29 0
-3 -6 -29 -41 0
-3 -9 -27 -42 0
-6 -9 -27 -30 0
-3 -6 -30 -42 0
-3 -8 -28 -43 0
-7 -8 -28 -29 0
-3 -7 -29 -43 0
-3 -9 -28 -44 0
-7 -9 -28 -30 0
-3 -7 -30 -44 0
-3 -9 -29 -45 0
-8 -9 -29 -30 0
-3 -8 -30 -45 0
-4 -6 -31 -36 0
-5 -6 -31 -32 0
-4 -5 -32 -36 0
-4 -7 -31 -37 0
-5 -7 -31 -33 0
-4 -5 -33 -37 0
-4 -8 -31 -38 0
-5 -8 -31 -34 0
-4 -5 -34 -38 0
-4 -9 -31 -39 0
-5 -9 -31 -35 0
-4 -5 -35 -39 0
-4 -7 -32 -40 0
-6 -7 -32 -33 0
-4 -6 -33 -40 0
-4 -8 -32 -41 0
-6 -8 -32 -34 0
-4 -6 -34 -41 0
-4 -9 -32 -42 0
-6 -9 -32 -35 0
-4 -6 -35 -42 0
-4 -8 -33 -43 0
-7 -8 -33 -34 0
-4 -7 -34 -43 0
-4 -9 -33 -44 0
-7 -9 -33 -35 0
-4 -7 -35 -44 0
-4 -9 -34 -45 0
-8 -9 -34 -35 0
-4 -8 -35 -45 0
-5 -7 -36 -40 0
-6 -7 -36 -37 0
-5 -6 -37 -40 0
-5 -8 -36 -41 0
-6 -8 -36 -38 0
-5 -6 -38 -41 0
-5 -9 -36 -42 0
-6 -9 -36 -39 0
-5 -6 -39 -42 0
-5 -8 -37 -43 0
-7 -8 -37 -38 0
-5 -7 -38 -43 0
-5 -9 -37 -44 0
-7 -9 -37 -39 0
-5 -7 -39 -44 0
-5 -9 -38 -45 0
-8 -9 -38 -39 0
-5 -8 -39 -45 0
-6 -8 -40 -43 0
-7 -8 -40 -41 0
-6 -7 -41 -43 0
-6 -9 -40 -44 0
-7 -9 -40 -42 0
-6 -7 -42 -44 0
-6 -9 -41 -45 0
-8 -9 -41 -42 0
-6 -8 -42 -45 0
-7 -9 -43 -45 0
-8 -9 -43 -44 0
-7 -8 -44 -45 0
-10 -12 -18 -25 0
-11 -12 -18 -19 0
-10 -11 -19 -25 0
-10 -13 -18 -26 0
-11 -13 -18 -20 0
-10 -11 -20 -26 0
-10 -14 -18 -27 0
-11 -14 -18 -21 0
-10 -11 -21 -27 0
-10 -15 -18 -28 0
-11 -15 -18 -22 0
-10 -11 -22 -28 0
-10 -16 -18 -29 0
-11 -16 -18 -23 0
-10 -11 -23 -29 0
-10 -17 -18 -30 0
-11 -17 -18 -24 0
-10 -11 -24 -30 0
-10 -13 -19 -31 0
-12 -13 -19 -20 0
-10 -12 -20 -31 0
-10 -14 -19 -32 0
-12 -14 -19 -21 0
-10 -12 -21 -32 0
-10 -15 -19 -33 0
-12 -15 -19 -22 0
-10 -12 -22 -33 0
-10 -16 -19 -34 0
-12 -16 -19 -23 0
-10 -12 -23 -34 0
-10 -17 -19 -35 0
-12 -17 -19 -24 0
-10 -12 -24 -35 0
-10 -14 -20 -36 0
-13 -14 -20 -21 0
-10 -13 -21 -36 0
-10 -15 -20 -37 0
-13 -15 -20 -22 0
-10 -13 -22 -37 0
-10 -16 -20 -38 0
-13 -16 -20 -23 0
-10 -13 -23 -38 0
-10 -17 -20 -39 0
-13 -17 -20 -24 0
-10 -13 -24 -39 0
-10 -15 -21 -40 0
-14 -15 -21 -22 0
-10 -14 -22 -40 0
-10 -16 -21 -41 0
-14 -16 -21 -23 0
-10 -14 -23 -41 0
-10 -17 -21 -42 0
-14 -17 -21 -24 0
-10 -14 -24 -42 0
-10 -16 -22 -43 0
-15 -16 -22 -23 0
-10 -15 -23 -43 0
-10 -17 -22 -44 0
-15 -17 -22 -24 0
-10 -15 -24 -44 0
-10 -17 -23 -45 0
-16 -17 -23 -24 0
-10 -16 -24 -45 0
-11 -13 -25 -31 0
-12 -13 -25 -26 0
-11 -12 -26 -31 0
-11 -14 -25 -32 0
-12 -14 -25 -27 0
-11 -12 -27 -32 0
-11 -15 -25 -33 0
-12 -15 -25 -28 0
-11 -12 -28 -33 0
-11 -16 -25 -34 0
-12 -16 -25 -29 0
-11 -12 -29 -34 0
-11 -17 -25 -35 0
-12 -17 -25 -30 0
-11 -12 -30 -35 0
-11 -14 -26 -36 0
-13 -14 -26 -27 0
-11 -13 -27 -36 0
-11 -15 -26 -37 0
-13 -15 -26 -28 0
-11 -13 -28 -37 0
-11 -16 -26 -38 0
-13 -16 -26 -29 0
-11 -13 -29 -38 0
-11 -17 -26 -39 0
-13 -17 -26 -30 0
-11 -13 -30 -39 0
-11 -15 -27 -40 0
-14 -15 -27 -28 0
-11 -14 -28 -40 0
-11 -16 -27 -41 0
-14 -16 -27 -29 0
-11 -14 -29 -41 0
-11 -17 -27 -42 0
-14 -17 -27 -30 0
-11 -14 -30 -42 0
-11 -16 -28 -43 0
-15 -16 -28 -29 0
-11 -15 -29 -43 0
-11 -17 -28 -44 0
-15 -17 -28 -30 0
-11 -15 -30 -44 0
-11 -17 -29 -45 0
-16 -17 -29 -30 0
-11 -16 -30 -45 0
-12 -14 -31 -36 0
-13 -14 -31 -32 0
-12 -13 -32 -36 0
-12 -15 -31 -37 0
-13 -15 -31 -33 0
-12 -13 -33 -37 0
-12 -16 -31 -38 0
-13 -16 -31 -34 0
-12 -13 -34 -38 0
-12 -17 -31 -39 0
-13 -17 -31 -35 0
-12 -13 -35 -39 0
-12 -15 -32 -40 0
-14 -15 -32 -33 0
-12 -14 -33 -40 0
-12 -16 -32 -41 0
-14 -16 -32 -34 0
-12 -14 -34 -41 0
-12 -17 -32 -42 0
-14 -17 -32 -35 0
-12 -14 -35 -42 0
-12 -16 -33 -43 0
-15 -16 -33 -34 0
-12 -15 -34 -43 0
-12 -17 -33 -44 0
-15 -17 -33 -35 0
-12 -15 -35 -44 0
-12 -17 -34 -45 0
-16 -17 -34 -35 0
-12 -16 -35 -45 0
-13 -15 -36 -40 0
-14 -15 -36 -37 0
-13 -14 -37 -40 0
-13 -16 -36 -41 0
-14 -16 -36 -38 0
-13 -14 -38 -41 0
-13 -17 -36 -42 0
-14 -17 -36 -39 0
-13 -14 -39 -42 0
-13 -16 -37 -43 0
-15 -16 -37 -38 0
-13 -15 -38 -43 0
-13 -17 -37 -44 0
-15 -17 -37 -39 0
-13 -15 -39 -44 0
-13 -17 -38 -45 0
-16 -17 -38 -39 0
-13 -16 -39 -45 0
-14 -16 -40 -43 0
-15 -16 -40 -41 0
-14 -15 -41 -43 0
-14 -17 -40 -44 0
-15 -17 -40 -42 0
-14 -15 -42 -44 0
-14 -17 -41 -45 0
-16 -17 -41 -42 0
-14 -16 -42 -45 0
-15 -17 -43 -45 0
-16 -17 -43 -44 0
-15 -16 -44 -45 0
-18 -20 -25 -31 0
-19 -20 -25 -26 0
-18 -19 -26 -31 0
-18 -21 -25 -32 0
-19 -21 -25 -27 0
-18 -19 -27 -32 0
-18 -22 -25 -33 0
-19 -22 -25 -28 0
-18 -19 -28 -33 0
-18 -23 -25 -34 0
-19 -23 -25 -29 0
-18 -19 -29 -34 0
-18 -24 -25 -35 0
-19 -24 -25 -30 0
-18 -19 -30 -35 0
-18 -21 -26 -36 0
-20 -21 -26 -27 0
-18 -20 -27 -36 0
-18 -22 -26 -37 0
-20 -22 -26 -28 0
-18 -20 -28 -37 0
-18 -23 -26 -38 0
-20 -23 -26 -29 0
-18 -20 -29 -38 0
-18 -24 -26 -39 0
-20 -24 -26 -30 0
-18 -20 -30 -39 0
-18 -22 -27 -40 0
-21 -22 -27 -28 0
-18 -21 -28 -40 0
-18 -23 -27 -41 0
-21 -23 -27 -29 0
-18 -21 -29 -41 0
-18 -24 -27 -42 0
-21 -24 -27 -30 0
-18 -21 -30 -42 0
-18 -23 -28 -43 0
-22 -23 -28 -29 0
-18 -22 -29 -43 0
-18 -24 -28 -44 0
-22 -24 -28 -30 0
-18 -22 -30 -44 0
-18 -24 -29 -45 0
-23 -24 -29 -30 0
-18 -23 -30 -45 0
-19 -21 -31 -36 0
-20 -21 -31 -32 0
-19 -20 -32 -36 0
-19 -22 -31 -37 0
-20 -22 -31 -33 0
-19 -20 -33 -37 0
-19 -23 -31 -38 0
-20 -23 -31 -34 0
-19 -20 -34 -38 0
-19 -24 -31 -39 0
-20 -24 -31 -35 0
-19 -20 -35 -39 0
-19 -22 -32 -40 0
-21 -22 -32 -33 0
-19 -21 -33 -40 0
-19 -23 -32 -41 0
-21 -23 -32 -34 0
-19 -21 -34 -41 0
-19 -24 -32 -42 0
-21 -24 -32 -35 0
-19 -21 -35 -42 0
-19 -23 -33 -43 0
-22 -23 -33 -34 0
-19 -22 -34 -43 0
-19 -24 -33 -44 0
-22 -24 -33 -35 0
-19 -22 -35 -44 0
-19 -24 -34 -45 0
-23 -24 -34 -35 0
-19 -23 -35 -45 0
-20 -22 -36 -40 0
-21 -22 -36 -37 0
-20 -21 -37 -40 0
-20 -23 -36 -41 0
-21 -23 -36 -38 0
-20 -21 -38 -41 0
-20 -24 -36 -42 0
-21 -24 -36 -39 0
-20 -21 -39 -42 0
-20 -23 -37 -43 0
-22 -23 -37 -38 0
-20 -22 -38 -43 0
-20 -24 -37 -44 0
-22 -24 -37 -39 0
-20 -22 -39 -44 0
-20 -24 -38 -45 0
-23 -24 -38 -39 0
-20 -23 -39 -45 0
-21 -23 -40 -43 0
-22 -23 -40 -41 0
-21 -22 -41 -43 0
-21 -24 -40 -44 0
-22 -24 -40 -42 0
-21 -22 -42 -44 0
-21 -24 -41 -45 0
-23 -24 -41 -42 0
-21 -23 -42 -45 0
-22 -24 -43 -45 0
-23 -24 -43 -44 0
-22 -23 -44 -45 0
-25 -27 -31 -36 0
-26 -27 -31 -32 0
-25 -26 -32 -36 0
-25 -28 -31 -37 0
-26 -28 -31 -33 0
-25 -26 -33 -37 0
-25 -29 -31 -38 0
-26 -29 -31 -34 0
-25 -26 -34 -38 0
-25 -30 -31 -39 0
-26 -30 -31 -35 0
-25 -26 -35 -39 0
-25 -28 -32 -40 0
-27 -28 -32 -33 0
-25 -27 -33 -40 0
-25 -29 -32 -41 0
-27 -29 -32 -34 0
-25 -27 -34 -41 0
-25 -30 -32 -42 0
-27 -30 -32 -35 0
-25 -27 -35 -42 0
-25 -29 -33 -43 0
-28 -29 -33 -34 0
-25 -28 -34 -43 0
-25 -30 -33 -44 0
-28 -30 -33 -35 0
-25 -28 -35 -44 0
-25 -30 -34 -45 0
-29 -30 -34 -35 0
-25 -29 -35 -45 0
-26 -28 -36 -40 0
-27 -28 -36 -37 0
-26 -27 -37 -40 0
-26 -29 -36 -41 0
-27 -29 -36 -38 0
-26 -27 -38 -41 0
-26 -30 -36 -42 0
-27 -30 -36 -39 0
-26 -27 -39 -42 0
-26 -29 -37 -43 0
-28 -29 -37 -38 0
-26 -28 -38 -43 0
-26 -30 -37 -44 0
-28 -30 -37 -39 0
-26 -28 -39 -44 0
-26 -30 -38 -45 0
-29 -30 -38 -39 0
-26 -29 -39 -45 0
-27 -29 -40 -43 0
-28 -29 -40 -41 0
-27 -28 -41 -43 0
-27 -30 -40 -44 0
-28 -30 -40 -42 0
-27 -28 -42 -44 0
-27 -30 -41 -45 0
-29 -30 -41 -42 0
-27 -29 -42 -45 0
-28 -30 -43 -45 0
-29 -30 -43 -44 0
-28 -29 -44 -45 0
-31 -33 -36 -40 0
-32 -33 -36 -37 0
-31 -32 -37 -40 0
-31 -34 -36 -41 0
-32 -34 -36 -38 0
-31 -32 -38 -41 0
-31 -35 -36 -42 0
-32 -35 -36 -39 0
-31 -32 -39 -42 0
-31 -34 -37 -43 0
-33 -34 -37 -38 0
-31 -33 -38 -43 0
-31 -35 -37 -44 0
-33 -35 -37 -39 0
-31 -33 -39 -44 0
-31 -35 -38 -45 0
-34 -35 -38 -39 0
-31 -34 -39 -45 0
-32 -34 -40 -43 0
-33 -34 -40 -41 0
-32 -33 -41 -43 0
-32 -35 -40 -44 0
-33 -35 -40 -42 0
-32 -33 -42 -44 0
-32 -35 -41 -45 0
-34 -35 -41 -42 0
-32 -34 -42 -45 0
-33 -35 -43 -45 0
-34 -35 -43 -44 0
-33 -34 -44 -45 0
-36 -38 -40 -43 0
-37 -38 -40 -41 0
-36 -37 -41 -43 0
-36 -39 -40 -44 0
-37 -39 -40 -42 0
-36 -37 -42 -44 0
-36 -39 -41 -45 0
-38 -39 -41 -42 0
-36 -38 -42 -45 0
-37 -39 -43 -45 0
-38 -39 -43 -44 0
-37 -38 -44 -45 0
-40 -42 -43 -45 0
-41 -42 -43 -44 0
-40 -41 -44 -45 0
1 -446 0
10 -446 0
2 -446 0
1 -447 0
11 -447 0
3 -447 0
1 -448 0
12 -448 0
4 -448 0
1 -449 0
13 -449 0
5 -449 0
1 -450 0
14 -450 0
6 -450 0
1 -451 0
15 -451 0
7 -451 0
1 -452 0
16 -452 0
8 -452 0
1 -453 0
17 -453 0
9 -453 0
2 -454 0
18 -454 0
3 -454 0
2 -455 0
19 -455 0
4 -455 0
2 -456 0
20 -456 0
5 -456 0
2 -457 0
21 -457 0
6 -457 0
2 -458 0
22 -458 0
7 -458 0
2 -459 0
23 -459 0
8 -459 0
2 -460 0
24 -460 0
9 -460 0
3 -461 0
25 -461 0
4 -461 0
3 -462 0
26 -462 0
5 -462 0
3 -463 0
27 -463 0
6 -463 0
3 -464 0
28 -464 0
7 -464 0
3 -465 0
29 -465 0
8 -465 0
3 -466 0
30 -466 0
9 -466 0
4 -467 0
31 -467 0
5 -467 0
4 -468 0
32 -468 0
6 -468 0
4 -469 0
33 -469 0
7 -469 0
4 -470 0
34 -470 0
8 -470 0
4 -471 0
35 -471 0
9 -471 0
5 -472 0
36 -472 0
6 -472 0
5 -473 0
37 -473 0
7 -473 0
5 -474 0
38 -474 0
8 -474 0
5 -475 0
39 -475 0
9 -475 0
6 -476 0
40 -476 0
7 -476 0
6 -477 0
41 -477 0
8 -477 0
6 -478 0
42 -478 0
9 -478 0
7 -479 0
43 -479 0
8 -479 0
7 -480 0
44 -480 0
9 -480 0
8 -481 0
45 -481 0
9 -481 0
10 -482 0
18 -482 0
11 -482 0
10 -483 0
19 -483 0
12 -483 0
10 -484 0
20 -484 0
13 -484 0
10 -485 0
21 -485 0
14 -485 0
10 -486 0
22 -486 0
15 -486 0
10 -487 0
23 -487 0
16 -487 0
10 -488 0
24 -488 0
17 -488 0
11 -489 0
25 -489 0
12 -489 0
11 -490 0
26 -490 0
13 -490 0
11 -491 0
27 -491 0
14 -491 0
11 -492 0
28 -492 0
15 -492 0
11 -493 0
29 -493 0
16 -493 0
11 -494 0
30 -494 0
17 -494 0
12 -495 0
31 -495 0
13 -495 0
12 -496 0
32 -496 0
14 -496 0
12 -497 0
33 -497 0
15 -497 0
12 -498 0
34 -498 0
16 -498 0
12 -499 0
35 -499 0
17 -499 0
13 -500 0
36 -500 0
14 -500 0
13 -501 0
37 -501 0
15 -501 0
13 -502 0
38 -502 0
16 -502 0
13 -503 0
39 -503 0
17 -503 0
14 -504 0
40 -504 0
15 -504 0
14 -505 0
41 -505 0
16 -505 0
14 -506 0
42 -506 0
17 -506 0
15 -507 0
43 -507 0
16 -507 0
15 -508 0
44 -508 0
17 -508 0
16 -509 0
45 -509 0
17 -509 0
18 -510 0
25 -510 0
19 -510 0
18 -511 0
26 -511 0
20 -511 0
18 -512 0
27 -512 0
21 -512 0
18 -513 0
28 -513 0
22 -513 0
18 -514 0
29 -514 0
23 -514 0
18 -515 0
30 -515 0
24 -515 0
19 -516 0
31 -516 0
20 -516 0
19 -517 0
32 -517 0
21 -517 0
19 -518 0
33 -518 0
22 -518 0
19 -519 0
34 -519 0
23 -519 0
19 -520 0
35 -520 0
24 -520 0
20 -521 0
36 -521 0
21 -521 0
20 -522 0
37 -522 0
22 -522 0
20 -523 0
38 -523 0
23 -523 0
20 -524 0
39 -524 0
24 -524 0
21 -525 0
40 -525 0
22 -525 0
21 -526 0
41 -526 0
23 -526 0
21 -527 0
42 -527 0
24 -527 0
22 -528 0
43 -528 0
23 -528 0
22 -529 0
44 -529 0
24 -529 0
23 -530 0
45 -530 0
24 -530 0
25 -531 0
31 -531 0
26 -531 0
25 -532 0
32 -532 0
27 -532 0
25 -533 0
33 -533 0
28 -533 0
25 -534 0
34 -534 0
29 -534 0
25 -535 0
35 -535 0
30 -535 0
26 -536 0
36 -536 0
27 -536 0
26 -537 0
37 -537 0
28 -537 0
26 -538 0
38 -538 0
29 -538 0
26 -539 0
39 -539 0
30 -539 0
27 -540 0
40 -540 0
28 -540 0
27 -541 0
41 -541 0
29 -541 0
27 -542 0
42 -542 0
30 -542 0
28 -543 0
43 -543 0
29 -543 0
28 -544 0
44 -544 0
30 -544 0
29 -545 0
45 -545 0
30 -545 0
31 -546 0
36 -546 0
32 -546 0
31 -547 0
37 -547 0
33 -547 0
31 -548 0
38 -548 0
34 -548 0
31 -549 0
39 -549 0
35 -549 0
32 -550 0
40 -550 0
33 -550 0
32 -551 0
41 -551 0
34 -551 0
32 -552 0
42 -552 0
35 -552 0
33 -553 0
43 -553 0
34 -553 0
33 -554 0
44 -554 0
35 -554 0
34 -555 0
45 -555 0
35 -555 0
36 -556 0
40 -556 0
37 -556 0
36 -557 0
41 -557 0
38 -557 0
36 -558 0
42 -558 0
39 -558 0
37 -559 0
43 -559 0
38 -559 0
37 -560 0
44 -560 0
39 -560 0
38 -561 0
45 -561 0
39 -561 0
40 -562 0
43 -562 0
41 -562 0
40 -563 0
44 -563 0
42 -563 0
41 -564 0
45 -564 0
42 -564 0
43 -565 0
45 -565 0
44 -565 0
446 447 448 449 450 451 452 453 454 455 456 457 458 459 460 461 462 463 464 465 466 467 468 469 470 471 472 473 474 475 476 477 478 479 480 481 0
446 447 448 449 450 451 452 453 482 483 484 485 486 487 488 489 490 491 492 493 494 495 496 497 498 499 500 501 502 503 504 505 506 507 508 509 0
446 454 455 456 457 458 459 460 482 483 484 485 486 487 488 510 511 512 513 514 515 516 517 518 519 520 521 522 523 524 525 526 527 528 529 530 0
447 454 461 462 463 464 465 466 482 489 490 491 492 493 494 510 511 512 513 514 515 531 532 533 534 535 536 537 538 539 540 541 542 543 544 545 0
448 455 461 467 468 469 470 471 483 489 495 496 497 498 499 510 516 517 518 519 520 531 532 533 534 535 546 547 548 549 550 551 552 553 554 555 0
449 456 462 467 472 473 474 475 484 490 495 500 501 502 503 511 516 521 522 523 524 531 536 537 538 539 546 547 548 549 556 557 558 559 560 561 0
450 457 463 468 472 476 477 478 485 491 496 500 504 505 506 512 517 521 525 526 527 532 536 540 541 542 546 550 551 552 556 557 558 562 563 564 0
451 458 464 469 473 476 479 480 486 492 497 501 504 507 508 513 518 522 525 528 529 533 537 540 543 544 547 550 553 554 556 559 560 562 563 565 0
452 459 465 470 474 477 479 481 487 493 498 502 505 507 509 514 519 523 526 528 530 534 538 541 543 545 548 551 553 555 557 559 561 562 564 565 0
453 460 466 471 475 478 480 481 488 494 499 503 506 508 509 515 520 524 527 529 530 535 539 542 544 545 549 552 554 555 558 560 561 563 564 565 0
-2 10 0
-2 566 0
10 566 0
-3 11 -568 0
-3 568 -566 0
11 568 -566 0
-4 12 -573 0
-4 573 -568 0
12 573 -568 0
-5 13 -578 0
-5 578 -573 0
13 578 -573 0
-6 14 -583 0
-6 583 -578 0
14 583 -578 0
-7 15 -588 0
-7 588 -583 0
15 588 -583 0
-8 16 -593 0
-8 593 -588 0
16 593 -588 0
-9 17 -598 0
-9 598 -593 0
17 598 -593 0
-9 17 -598 0
-1 10 0
-1 604 0
10 604 0
-3 18 -606 0
-3 606 -604 0
18 606 -604 0
-4 19 -611 0
-4 611 -606 0
19 611 -606 0
-5 20 -616 0
-5 616 -611 0
20 616 -611 0
-6 21 -621 0
-6 621 -616 0
21 621 -616 0
-7 22 -626 0
-7 626 -621 0
22 626 -621 0
-8 23 -631 0
-8 631 -626 0
23 631 -626 0
-9 24 -636 0
-9 636 -631 0
24 636 -631 0
-9 24 -636 0
-1 11 0
-1 642 0
11 642 0
-2 18 -644 0
-2 644 -642 0
18 644 -642 0
-4 25 -649 0
-4 649 -644 0
25 649 -644 0
-5 26 -654 0
-5 654 -649 0
26 654 -649 0
-6 27 -659 0
-6 659 -654 0
27 659 -654 0
-7 28 -664 0
-7 664 -659 0
28 664 -659 0
-8 29 -669 0
-8 669 -664 0
29 669 -664 0
-9 30 -674 0
-9 674 -669 0
30 674 -669 0
-9 30 -674 0
-1 12 0
-1 680 0
12 680 0
-2 19 -682 0
-2 682 -680 0
19 682 -680 0
-3 25 -687 0
-3 687 -682 0
25 687 -682 0
-5 31 -692 0
-5 692 -687 0
31 692 -687 0
-6 32 -697 0
-6 697 -692 0
32 697 -692 0
-7 33 -702 0
-7 702 -697 0
33 702 -697 0
-8 34 -707 0
-8 707 -702 0
34 707 -702 0
-9 35 -712 0
-9 712 -707 0
35 712 -707 0
-9 35 -712 0
-1 13 0
-1 718 0
13 718 0
-2 20 -720 0
-2 720 -718 0
20 720 -718 0
-3 26 -725 0
-3 725 -720 0
26 725 -720 0
-4 31 -730 0
-4 730 -725 0
31 730 -725 0
-6 36 -735 0
-6 735 -730 0
36 735 -730 0
-7 37 -740 0
-7 740 -735 0
37 740 -735 0
-8 38 -745 0
-8 745 -740 0
38 745 -740 0
-9 39 -750 0
-9 750 -745 0
39 750 -745 0
-9 39 -750 0
-1 14 0
-1 756 0
14 756 0
-2 21 -758 0
-2 758 -756 0
21 758 -756 0
-3 27 -763 0
-3 763 -758 0
27 763 -758 0
-4 32 -768 0
-4 768 -763 0
32 768 -763 0
-5 36 -773 0
-5 773 -768 0
36 773 -768 0
-7 40 -778 0
-7 778 -773 0
40 778 -773 0
-8 41 -783 0
-8 783 -778 0
41 783 -778 0
-9 42 -788 0
-9 788 -783 0
42 788 -783 0
-9 42 -788 0
-1 15 0
-1 794 0
15 794 0
-2 22 -796 0
-2 796 -794 0
22 796 -794 0
-3 28 -801 0
-3 801 -796 0
28 801 -796 0
-4 33 -806 0
-4 806 -801 0
33 806 -801 0
-5 37 -811 0
-5 811 -806 0
37 811 -806 0
-6 40 -816 0
-6 816 -811 0
40 816 -811 0
-8 43 -821 0
-8 821 -816 0
43 821 -816 0
-9 44 -826 0
-9 826 -821 0
44 826 -821 0
-9 44 -826 0
-1 16 0
-1 832 0
16 832 0
-2 23 -834 0
-2 834 -832 0
23 834 -832 0
-3 29 -839 0
-3 839 -834 0
29 839 -834 0
-4 34 -844 0
-4 844 -839 0
34 844 -839 0
-5 38 -849 0
-5 849 -844 0
38 849 -844 0
-6 41 -854 0
-6 854 -849 0
41 854 -849 0
-7 43 -859 0
-7 859 -854 0
43 859 -854 0
-9 45 -864 0
-9 864 -859 0
45 864 -859 0
-9 45 -864 0
-1 17 0
-1 870 0
17 870 0
-2 24 -872 0
-2 872 -870 0
24 872 -870 0
-3 30 -877 0
-3 877 -872 0
30 877 -872 0
-4 35 -882 0
-4 882 -877 0
35 882 -877 0
-5 39 -887 0
-5 887 -882 0
39 887 -882 0
-6 42 -892 0
-6 892 -887 0
42 892 -887 0
-7 44 -897 0
-7 897 -892 0
44 897 -892 0
-8 45 -902 0
-8 902 -897 0
45 902 -897 0
-8 45 -902 0
-1 2 0
-1 908 0
2 908 0
-11 18 -910 0
-11 910 -908 0
18 910 -908 0
-12 19 -915 0
-12 915 -910 0
19 915 -910 0
-13 20 -920 0
-13 920 -915 0
20 920 -915 0
-14 21 -925 0
-14 925 -920 0
21 925 -920 0
-15 22 -930 0
-15 930 -925 0
22 930 -925 0
-16 23 -935 0
-16 935 -930 0
23 935 -930 0
-17 24 -940 0
-17 940 -935 0
24 940 -935 0
-17 24 -940 0
-1 3 0
-1 946 0
3 946 0
-10 18 -948 0
-10 948 -946 0
18 948 -946 0
-12 25 -953 0
-12 953 -948 0
25 953 -948 0
-13 26 -958 0
-13 958 -953 0
26 958 -953 0
-14 27 -963 0
-14 963 -958 0
27 963 -958 0
-15 28 -968 0
-15 968 -963 0
28 968 -963 0
-16 29 -973 0
-16 973 -968 0
29 973 -968 0
-17 30 -978 0
-17 978 -973 0
30 978 -973 0
-17 30 -978 0
-1 4 0
-1 984 0
4 984 0
-10 19 -986 0
-10 986 -984 0
19 986 -984 0
-11 25 -991 0
-11 991 -986 0
25 991 -986 0
-13 31 -996 0
-13 996 -991 0
31 996 -991 0
-14 32 -1001 0
-14 1001 -996 0
32 1001 -996 0
-15 33 -1006 0
-15 1006 -1001 0
33 1006 -1001 0
-16 34 -1011 0
-16 1011 -1006 0
34 1011 -1006 0
-17 35 -1016 0
-17 1016 -1011 0
35 1016 -1011 0
-17 35 -1016 0
-1 5 0
-1 1022 0
5 1022 0
-10 20 -1024 0
-10 1024 -1022 0
20 1024 -1022 0
-11 26 -1029 0
-11 1029 -1024 0
26 1029 -1024 0
-12 31 -1034 0
-12 1034 -1029 0
31 1034 -1029 0
-14 36 -1039 0
-14 1039 -1034 0
36 1039 -1034 0
-15 37 -1044 0
-15 1044 -1039 0
37 1044 -1039 0
-16 38 -1049 0
-16 1049 -1044 0
38 1049 -1044 0
-17 39 -1054 0
-17 1054 -1049 0
39 1054 -1049 0
-17 39 -1054 0
-1 6 0
-1 1060 0
6 1060 0
-10 21 -1062 0
-10 1062 -1060 0
21 1062 -1060 0
-11 27 -1067 0
-11 1067 -1062 0
27 1067 -1062 0
-12 32 -1072 0
-12 1072 -1067 0
32 1072 -1067 0
-13 36 -1077 0
-13 1077 -1072 0
36 1077 -1072 0
-15 40 -1082 0
-15 1082 -1077 0
40 1082 -1077 0
-16 41 -1087 0
-16 1087 -1082 0
41 1087 -1082 0
-17 42 -1092 0
-17 1092 -1087 0
42 1092 -1087 0
-17 42 -1092 0
-1 7 0
-1 1098 0
7 1098 0
-10 22 -1100 0
-10 1100 -1098 0
22 1100 -1098 0
-11 28 -1105 0
-11 1105 -1100 0
28 1105 -1100 0
-12 33 -1110 0
-12 1110 -1105 0
33 1110 -1105 0
-13 37 -1115 0
-13 1115 -1110 0
37 1115 -1110 0
-14 40 -1120 0
-14 1120 -1115 0
40 1120 -1115 0
-16 43 -1125 0
-16 1125 -1120 0
43 1125 -1120 0
-17 44 -1130 0
-17 1130 -1125 0
44 1130 -1125 0
-17 44 -1130 0
-1 8 0
-1 1136 0
8 1136 0
-10 23 -1138 0
-10 1138 -1136 0
23 1138 -1136 0
-11 29 -1143 0
-11 1143 -1138 0
29 1143 -1138 0
-12 34 -1148 0
-12 1148 -1143 0
34 1148 -1143 0
-13 38 -1153 0
-13 1153 -1148 0
38 1153 -1148 0
-14 41 -1158 0
-14 1158 -1153 0
41 1158 -1153 0
-15 43 -1163 0
-15 1163 -1158 0
43 1163 -1158 0
-17 45 -1168 0
-17 1168 -1163 0
45 1168 -1163 0
-17 45 -1168 0
-1 9 0
-1 1174 0
9 1174 0
-10 24 -1176 0
-10 1176 -1174 0
24 1176 -1174 0
-11 30 -1181 0
-11 1181 -1176 0
30 1181 -1176 0
-12 35 -1186 0
-12 1186 -1181 0
35 1186 -1181 0
-13 39 -1191 0
-13 1191 -1186 0
39 1191 -1186 0
-14 42 -1196 0
-14 1196 -1191 0
42 1196 -1191 0
-15 44 -1201 0
-15 1201 -1196 0
44 1201 -1196 0
-16 45 -1206 0
-16 1206 -1201 0
45 1206 -1201 0
-16 45 -1206 0
-2 3 0
-2 1212 0
3 1212 0
-10 11 -1214 0
-10 1214 -1212 0
11 1214 -1212 0
-19 25 -1219 0
-19 1219 -1214 0
25 1219 -1214 0
-20 26 -1224 0
-20 1224 -1219 0
26 1224 -1219 0
-21 27 -1229 0
-21 1229 -1224 0
27 1229 -1224 0
-22 28 -1234 0
-22 1234 -1229 0
28 1234 -1229 0
-23 29 -1239 0
-23 1239 -1234 0
29 1239 -1234 0
-24 30 -1244 0
-24 1244 -1239 0
30 1244 -1239 0
-24 30 -1244 0
-2 4 0
-2 1250 0
4 1250 0
-10 12 -1252 0
-10 1252 -1250 0
12 1252 -1250 0
-18 25 -1257 0
-18 1257 -1252 0
25 1257 -1252 0
-20 31 -1262 0
-20 1262 -1257 0
31 1262 -1257 0
-21 32 -1267 0
-21 1267 -1262 0
32 1267 -1262 0
-22 33 -1272 0
-22 1272 -1267 0
33 1272 -1267 0
-23 34 -1277 0
-23 1277 -1272 0
34 1277 -1272 0
-24 35 -1282 0
-24 1282 -1277 0
35 1282 -1277 0
-24 35 -1282 0
-2 5 0
-2 1288 0
5 1288 0
-10 13 -1290 0
-10 1290 -1288 0
13 1290 -1288 0
-18 26 -1295 0
-18 1295 -1290 0
26 1295 -1290 0
-19 31 -1300 0
-19 1300 -1295 0
31 1300 -1295 0
-21 36 -1305 0
-21 1305 -1300 0
36 1305 -1300 0
-22 37 -1310 0
-22 1310 -1305 0
37 1310 -1305 0
-23 38 -1315 0
-23 1315 -1310 0
38 1315 -1310 0
-24 39 -1320 0
-24 1320 -1315 0
39 1320 -1315 0
-24 39 -1320 0
-2 6 0
-2 1326 0
6 1326 0
-10 14 -1328 0
-10 1328 -1326 0
14 1328 -1326 0
-18 27 -1333 0
-18 1333 -1328 0
27 1333 -1328 0
-19 32 -1338 0
-19 1338 -1333 0
32 1338 -1333 0
-20 36 -1343 0
-20 1343 -1338 0
36 1343 -1338 0
-22 40 -1348 0
-22 1348 -1343 0
40 1348 -1343 0
-23 41 -1353 0
-23 1353 -1348 0
41 1353 -1348 0
-24 42 -1358 0
-24 1358 -1353 0
42 1358 -1353 0
-24 42 -1358 0
-2 7 0
-2 1364 0
7 1364 0
-10 15 -1366 0
-10 1366 -1364 0
15 1366 -1364 0
-18 28 -1371 0
-18 1371 -1366 0
28 1371 -1366 0
-19 33 -1376 0
-19 1376 -1371 0
33 1376 -1371 0
-20 37 -1381 0
-20 1381 -1376 0
37 1381 -1376 0
-21 40 -1386 0
-21 1386 -1381 0
40 1386 -1381 0
-23 43 -1391 0
-23 1391 -1386 0
43 1391 -1386 0
-24 44 -1396 0
-24 1396 -1391 0
44 1396 -1391 0
-24 44 -1396 0
-2 8 0
-2 1402 0
8 1402 0
-10 16 -1404 0
-10 1404 -1402 0
16 1404 -1402 0
-18 29 -1409 0
-18 1409 -1404 0
29 1409 -1404 0
-19 34 -1414 0
-19 1414 -1409 0
34 1414 -1409 0
-20 38 -1419 0
-20 1419 -1414 0
38 1419 -1414 0
-21 41 -1424 0
-21 1424 -1419 0
41 1424 -1419 0
-22 43 -1429 0
-22 1429 -1424 0
43 1429 -1424 0
-24 45 -1434 0
-24 1434 -1429 0
45 1434 -1429 0
-24 45 -1434 0
-2 9 0
-2 1440 0
9 1440 0
-10 17 -1442 0
-10 1442 -1440 0
17 1442 -1440 0
-18 30 -1447 0
-18 1447 -1442 0
30 1447 -1442 0
-19 35 -1452 0
-19 1452 -1447 0
35 1452 -1447 0
-20 39 -1457 0
-20 1457 -1452 0
39 1457 -1452 0
-21 42 -1462 0
-21 1462 -1457 0
42 1462 -1457 0
-22 44 -1467 0
-22 1467 -1462 0
44 1467 -1462 0
-23 45 -1472 0
-23 1472 -1467 0
45 1472 -1467 0
-23 45 -1472 0
-3 4 0
-3 1478 0
4 1478 0
-11 12 -1480 0
-11 1480 -1478 0
12 1480 -1478 0
-18 19 -1485 0
-18 1485 -1480 0
19 1485 -1480 0
-26 31 -1490 0
-26 1490 -1485 0
31 1490 -1485 0
-27 32 -1495 0
-27 1495 -1490 0
32 1495 -1490 0
-28 33 -1500 0
-28 1500 -1495 0
33 1500 -1495 0
-29 34 -1505 0
-29 1505 -1500 0
34 1505 -1500 0
-30 35 -1510 0
-30 1510 -1505 0
35 1510 -1505 0
-30 35 -1510 0
-3 5 0
-3 1516 0
5 1516 0
-11 13 -1518 0
-11 1518 -1516 0
13 1518 -1516 0
-18 20 -1523 0
-18 1523 -1518 0
20 1523 -1518 0
-25 31 -1528 0
-25 1528 -1523 0
31 1528 -1523 0
-27 36 -1533 0
-27 1533 -1528 0
36 1533 -1528 0
-28 37 -1538 0
-28 1538 -1533 0
37 1538 -1533 0
-29 38 -1543 0
-29 1543 -1538 0
38 1543 -1538 0
-30 39 -1548 0
-30 1548 -1543 0
39 1548 -1543 0
-30 39 -1548 0
-3 6 0
-3 1554 0
6 1554 0
-11 14 -1556 0
-11 1556 -1554 0
14 1556 -1554 0
-18 21 -1561 0
-18 1561 -1556 0
21 1561 -1556 0
-25 32 -1566 0
-25 1566 -1561 0
32 1566 -1561 0
-26 36 -1571 0
-26 1571 -1566 0
36 1571 -1566 0
-28 40 -1576 0
-28 1576 -1571 0
40 1576 -1571 0
-29 41 -1581 0
-29 1581 -1576 0
41 1581 -1576 0
-30 42 -1586 0
-30 1586 -1581 0
42 1586 -1581 0
-30 42 -1586 0
-3 7 0
-3 1592 0
7 1592 0
-11 15 -1594 0
-11 1594 -1592 0
15 1594 -1592 0
-18 22 -1599 0
-18 1599 -1594 0
22 1599 -1594 0
-25 33 -1604 0
-25 1604 -1599 0
33 1604 -1599 0
-26 37 -1609 0
-26 1609 -1604 0
37 1609 -1604 0
-27 40 -1614 0
-27 1614 -1609 0
40 1614 -1609 0
-29 43 -1619 0
-29 1619 -1614 0
43 1619 -1614 0
-30 44 -1624 0
-30 1624 -1619 0
44 1624 -1619 0
-30 44 -1624 0
-3 8 0
-3 1630 0
8 1630 0
-11 16 -1632 0
-11 1632 -1630 0
16 1632 -1630 0
-18 23 -1637 0
-18 1637 -1632 0
23 1637 -1632 0
-25 34 -1642 0
-25 1642 -1637 0
34 1642 -1637 0
-26 38 -1647 0
-26 1647 -1642 0
38 1647 -1642 0
-27 41 -1652 0
-27 1652 -1647 0
41 1652 -1647 0
-28 43 -1657 0
-28 1657 -1652 0
43 1657 -1652 0
-30 45 -1662 0
-30 1662 -1657 0
45 1662 -1657 0
-30 45 -1662 0
-3 9 0
-3 1668 0
9 1668 0
-11 17 -1670 0
-11 1670 -1668 0
17 1670 -1668 0
-18 24 -1675 0
-18 1675 -1670 0
24 1675 -1670 0
-25 35 -1680 0
-25 1680 -1675 0
35 1680 -1675 0
-26 39 -1685 0
-26 1685 -1680 0
39 1685 -1680 0
-27 42 -1690 0
-27 1690 -1685 0
42 1690 -1685 0
-28 44 -1695 0
-28 1695 -1690 0
44 1695 -1690 0
-29 45 -1700 0
-29 1700 -1695 0
45 1700 -1695 0
-29 45 -1700 0
-4 5 0
-4 1706 0
5 1706 0
-12 13 -1708 0
-12 1708 -1706 0
13 1708 -1706 0
-19 20 -1713 0
-19 1713 -1708 0
20 1713 -1708 0
-25 26 -1718 0
-25 1718 -1713 0
26 1718 -1713 0
-32 36 -1723 0
-32 1723 -1718 0
36 1723 -1718 0
-33 37 -1728 0
-33 1728 -1723 0
37 1728 -1723 0
-34 38 -1733 0
-34 1733 -1728 0
38 1733 -1728 0
-35 39 -1738 0
-35 1738 -1733 0
39 1738 -1733 0
-35 39 -1738 0
-4 6 0
-4 1744 0
6 1744 0
-12 14 -1746 0
-12 1746 -1744 0
14 1746 -1744 0
-19 21 -1751 0
-19 1751 -1746 0
21 1751 -1746 0
-25 27 -1756 0
-25 1756 -1751 0
27 1756 -1751 0
-31 36 -1761 0
-31 1761 -1756 0
36 1761 -1756 0
-33 40 -1766 0
-33 1766 -1761 0
40 1766 -1761 0
-34 41 -1771 0
-34 1771 -1766 0
41 1771 -1766 0
-35 42 -1776 0
-35 1776 -1771 0
42 1776 -1771 0
-35 42 -1776 0
-4 7 0
-4 1782 0
7 1782 0
-12 15 -1784 0
-12 1784 -1782 0
15 1784 -1782 0
-19 22 -1789 0
-19 1789 -1784 0
22 1789 -1784 0
-25 28 -1794 0
-25 1794 -1789 0
28 1794 -1789 0
-31 37 -1799 0
-31 1799 -1794 0
37 1799 -1794 0
-32 40 -1804 0
-32 1804 -1799 0
40 1804 -1799 0
-34 43 -1809 0
-34 1809 -1804 0
43 1809 -1804 0
-35 44 -1814 0
-35 1814 -1809 0
44 1814 -1809 0
-35 44 -1814 0
-4 8 0
-4 1820 0
8 1820 0
-12 16 -1822 0
-12 1822 -1820 0
16 1822 -1820 0
-19 23 -1827 0
-19 1827 -1822 0
23 1827 -1822 0
-25 29 -1832 0
-25 1832 -1827 0
29 1832 -1827 0
-31 38 -1837 0
-31 1837 -1832 0
38 1837 -1832 0
-32 41 -1842 0
-32 1842 -1837 0
41 1842 -1837 0
-33 43 -1847 0
-33 1847 -1842 0
43 1847 -1842 0
-35 45 -1852 0
-35 1852 -1847 0
45 1852 -1847 0
-35 45 -1852 0
-4 9 0
-4 1858 0
9 1858 0
-12 17 -1860 0
-12 1860 -1858 0
17 1860 -1858 0
-19 24 -1865 0
-19 1865 -1860 0
24 1865 -1860 0
-25 30 -1870 0
-25 1870 -1865 0
30 1870 -1865 0
-31 39 -1875 0
-31 1875 -1870 0
39 1875 -1870 0
-32 42 -1880 0
-32 1880 -1875 0
42 1880 -1875 0
-33 44 -1885 0
-33 1885 -1880 0
44 1885 -1880 0
-34 45 -1890 0
-34 1890 -1885 0
45 1890 -1885 0
-34 45 -1890 0
-5 6 0
-5 1896 0
6 1896 0
-13 14 -1898 0
-13 1898 -1896 0
14 1898 -1896 0
-20 21 -1903 0
-20 1903 -1898 0
21 1903 -1898 0
-26 27 -1908 0
-26 1908 -1903 0
27 1908 -1903 0
-31 32 -1913 0
-31 1913 -1908 0
32 1913 -1908 0
-37 40 -1918 0
-37 1918 -1913 0
40 1918 -1913 0
-38 41 -1923 0
-38 1923 -1918 0
41 1923 -1918 0
-39 42 -1928 0
-39 1928 -1923 0
42 1928 -1923 0
-39 42 -1928 0
-5 7 0
-5 1934 0
7 1934 0
-13 15 -1936 0
-13 1936 -1934 0
15 1936 -1934 0
-20 22 -1941 0
-20 1941 -1936 0
22 1941 -1936 0
-26 28 -1946 0
-26 1946 -1941 0
28 1946 -1941 0
-31 33 -1951 0
-31 1951 -1946 0
33 1951 -1946 0
-36 40 -1956 0
-36 1956 -1951 0
40 1956 -1951 0
-38 43 -1961 0
-38 1961 -1956 0
43 1961 -1956 0
-39 44 -1966 0
-39 1966 -1961 0
44 1966 -1961 0
-39 44 -1966 0
-5 8 0
-5 1972 0
8 1972 0
-13 16 -1974 0
-13 1974 -1972 0
16 1974 -1972 0
-20 23 -1979 0
-20 1979 -1974 0
23 1979 -1974 0
-26 29 -1984 0
-26 1984 -1979 0
29 1984 -1979 0
-31 34 -1989 0
-31 1989 -1984 0
34 1989 -1984 0
-36 41 -1994 0
-36 1994 -1989 0
41 1994 -1989 0
-37 43 -1999 0
-37 1999 -1994 0
43 1999 -1994 0
-39 45 -2004 0
-39 2004 -1999 0
45 2004 -1999 0
-39 45 -2004 0
-5 9 0
-5 2010 0
9 2010 0
-13 17 -2012 0
-13 2012 -2010 0
17 2012 -2010 0
-20 24 -2017 0
-20 2017 -2012 0
24 2017 -2012 0
-26 30 -2022 0
-26 2022 -2017 0
30 2022 -2017 0
-31 35 -2027 0
-31 2027 -2022 0
35 2027 -2022 0
-36 42 -2032 0
-36 2032 -2027 0
42 2032 -2027 0
-37 44 -2037 0
-37 2037 -2032 0
44 2037 -2032 0
-38 45 -2042 0
-38 2042 -2037 0
45 2042 -2037 0
-38 45 -2042 0
-6 7 0
-6 2048 0
7 2048 0
-14 15 -2050 0
-14 2050 -2048 0
15 2050 -2048 0
-21 22 -2055 0
-21 2055 -2050 0
22 2055 -2050 0
-27 28 -2060 0
-27 2060 -2055 0
28 2060 -2055 0
-32 33 -2065 0
-32 2065 -2060 0
33 2065 -2060 0
-36 37 -2070 0
-36 2070 -2065 0
37 2070 -2065 0
-41 43 -2075 0
-41 2075 -2070 0
43 2075 -2070 0
-42 44 -2080 0
-42 2080 -2075 0
44 2080 -2075 0
-42 44 -2080 0
-6 8 0
-6 2086 0
8 2086 0
-14 16 -2088 0
-14 2088 -2086 0
16 2088 -2086 0
-21 23 -2093 0
-21 2093 -2088 0
23 2093 -2088 0
-27 29 -2098 0
-27 2098 -2093 0
29 2098 -2093 0
-32 34 -2103 0
-32 2103 -2098 0
34 2103 -2098 0
-36 38 -2108 0
-36 2108 -2103 0
38 2108 -2103 0
-40 43 -2113 0
-40 2113 -2108 0
43 2113 -2108 0
-42 45 -2118 0
-42 2118 -2113 0
45 2118 -2113 0
-42 45 -2118 0
-6 9 0
-6 2124 0
9 2124 0
-14 17 -2126 0
-14 2126 -2124 0
17 2126 -2124 0
-21 24 -2131 0
-21 2131 -2126 0
24 2131 -2126 0
-27 30 -2136 0
-27 2136 -2131 0
30 2136 -2131 0
-32 35 -2141 0
-32 2141 -2136 0
35 2141 -2136 0
-36 39 -2146 0
-36 2146 -2141 0
39 2146 -2141 0
-40 44 -2151 0
-40 2151 -2146 0
44 2151 -2146 0
-41 45 -2156 0
-41 2156 -2151 0
45 2156 -2151 0
-41 45 -2156 0
-7 8 0
-7 2162 0
8 2162 0
-15 16 -2164 0
-15 2164 -2162 0
16 2164 -2162 0
-22 23 -2169 0
-22 2169 -2164 0
23 2169 -2164 0
-28 29 -2174 0
-28 2174 -2169 0
29 2174 -2169 0
-33 34 -2179 0
-33 2179 -2174 0
34 2179 -2174 0
-37 38 -2184 0
-37 2184 -2179 0
38 2184 -2179 0
-40 41 -2189 0
-40 2189 -2184 0
41 2189 -2184 0
-44 45 -2194 0
-44 2194 -2189 0
45 2194 -2189 0
-44 45 -2194 0
-7 9 0
-7 2200 0
9 2200 0
-15 17 -2202 0
-15 2202 -2200 0
17 2202 -2200 0
-22 24 -2207 0
-22 2207 -2202 0
24 2207 -2202 0
-28 30 -2212 0
-28 2212 -2207 0
30 2212 -2207 0
-33 35 -2217 0
-33 2217 -2212 0
35 2217 -2212 0
-37 39 -2222 0
-37 2222 -2217 0
39 2222 -2217 0
-40 42 -2227 0
-40 2227 -2222 0
42 2227 -2222 0
-43 45 -2232 0
-43 2232 -2227 0
45 2232 -2227 0
-43 45 -2232 0
-8 9 0
-8 2238 0
9 2238 0
-16 17 -2240 0
-16 2240 -2238 0
17 2240 -2238 0
-23 24 -2245 0
-23 2245 -2240 0
24 2245 -2240 0
-29 30 -2250 0
-29 2250 -2245 0
30 2250 -2245 0
-34 35 -2255 0
-34 2255 -2250 0
35 2255 -2250 0
-38 39 -2260 0
-38 2260 -2255 0
39 2260 -2255 0
-41 42 -2265 0
-41 2265 -2260 0
42 2265 -2260 0
-43 44 -2270 0
-43 2270 -2265 0
44 2270 -2265 0
-43 44 -2270 0
-2276 0
-2276 2276 0
2276 -2276 0
-1 1 0
1 -1 0
-2 2 0
2 -2 0
-3 3 0
3 -3 0
-4 4 0
4 -4 0
-5 5 0
5 -5 0
-6 6 0
6 -6 0
-7 7 0
7 -7 0
-8 8 0
8 -8 0
-9 9 0
9 -9 0
-2281 0
-1 1 0
1 -1 0
-2281 2281 0
2281 -2281 0
-10 10 0
10 -10 0
-11 11 0
11 -11 0
-12 12 0
12 -12 0
-13 13 0
13 -13 0
-14 14 0
14 -14 0
-15 15 0
15 -15 0
-16 16 0
16 -16 0
-17 17 0
17 -17 0
-2286 0
-2 2 0
2 -2 0
-10 10 0
10 -10 0
-2286 2286 0
2286 -2286 0
-18 18 0
18 -18 0
-19 19 0
19 -19 0
-20 20 0
20 -20 0
-21 21 0
21 -21 0
-22 22 0
22 -22 0
-23 23 0
23 -23 0
-24 24 0
24 -24 0
-2291 0
-3 3 0
3 -3 0
-11 11 0
11 -11 0
-18 18 0
18 -18 0
-2291 2291 0
2291 -2291 0
-25 25 0
25 -25 0
-26 26 0
26 -26 0
-27 27 0
27 -27 0
-28 28 0
28 -28 0
-29 29 0
29 -29 0
-30 30 0
30 -30 0
-2296 0
-4 4 0
4 -4 0
-12 12 0
12 -12 0
-19 19 0
19 -19 0
-25 25 0
25 -25 0
-2296 2296 0
2296 -2296 0
-31 31 0
31 -31 0
-32 32 0
32 -32 0
-33 33 0
33 -33 0
-34 34 0
34 -34 0
-35 35 0
35 -35 0
-2301 0
-5 5 0
5 -5 0
-13 13 0
13 -13 0
-20 20 0
20 -20 0
-26 26 0
26 -26 0
-31 31 0
31 -31 0
-2301 2301 0
2301 -2301 0
-36 36 0
36 -36 0
-37 37 0
37 -37 0
-38 38 0
38 -38 0
-39 39 0
39 -39 0
-2306 0
-6 6 0
6 -6 0
-14 14 0
14 -14 0
-21 21 0
21 -21 0
-27 27 0
27 -27 0
-32 32 0
32 -32 0
-36 36 0
36 -36 0
-2306 2306 0
2306 -2306 0
-40 40 0
40 -40 0
-41 41 0
41 -41 0
-42 42 0
42 -42 0
-2311 0
-7 7 0
7 -7 0
-15 15 0
15 -15 0
-22 22 0
22 -22 0
-28 28 0
28 -28 0
-33 33 0
33 -33 0
-37 37 0
37 -37 0
-40 40 0
40 -40 0
-2311 2311 0
2311 -2311 0
-43 43 0
43 -43 0
-44 44 0
44 -44 0
-2316 0
-8 8 0
8 -8 0
-16 16 0
16 -16 0
-23 23 0
23 -23 0
-29 29 0
29 -29 0
-34 34 0
34 -34 0
-38 38 0
38 -38 0
-41 41 0
41 -41 0
-43 43 0
43 -43 0
-2316 2316 0
2316 -2316 0
-45 45 0
45 -45 0
-2321 0
-9 9 0
9 -9 0
-17 17 0
17 -17 0
-24 24 0
24 -24 0
-30 30 0
30 -30 0
-35 35 0
35 -35 0
-39 39 0
39 -39 0
-42 42 0
42 -42 0
-44 44 0
44 -44 0
-45 45 0
45 -45 0
-2321 2321 0
2321 -2321 0
