p cnf 253 1771
-1 -232 -233 0
-2 -232 -234 0
-3 -233 -234 0
-4 -232 -235 0
-5 -233 -235 0
-6 -234 -235 0
-7 -232 -236 0
-8 -233 -236 0
-9 -234 -236 0
-10 -235 -236 0
-11 -232 -237 0
-12 -233 -237 0
-13 -234 -237 0
-14 -235 -237 0
-15 -236 -237 0
-16 -232 -238 0
-17 -233 -238 0
-18 -234 -238 0
-19 -235 -238 0
-20 -236 -238 0
-21 -237 -238 0
-22 -232 -239 0
-23 -233 -239 0
-24 -234 -239 0
-25 -235 -239 0
-26 -236 -239 0
-27 -237 -239 0
-28 -238 -239 0
-29 -232 -240 0
-30 -233 -240 0
-31 -234 -240 0
-32 -235 -240 0
-33 -236 -240 0
-34 -237 -240 0
-35 -238 -240 0
-36 -239 -240 0
-37 -232 -241 0
-38 -233 -241 0
-39 -234 -241 0
-40 -235 -241 0
-41 -236 -241 0
-42 -237 -241 0
-43 -238 -241 0
-44 -239 -241 0
-45 -240 -241 0
-46 -232 -242 0
-47 -233 -242 0
-48 -234 -242 0
-49 -235 -242 0
-50 -236 -242 0
-51 -237 -242 0
-52 -238 -242 0
-53 -239 -242 0
-54 -240 -242 0
-55 -241 -242 0
-56 -232 -243 0
-57 -233 -243 0
-58 -234 -243 0
-59 -235 -243 0
-60 -236 -243 0
-61 -237 -243 0
-62 -238 -243 0
-63 -239 -243 0
-64 -240 -243 0
-65 -241 -243 0
-66 -242 -243 0
-67 -232 -244 0
-68 -233 -244 0
-69 -234 -244 0
-70 -235 -244 0
-71 -236 -244 0
-72 -237 -244 0
-73 -238 -244 0
-74 -239 -244 0
-75 -240 -244 0
-76 -241 -244 0
-77 -242 -244 0
-78 -243 -244 0
-79 -232 -245 0
-80 -233 -245 0
-81 -234 -245 0
-82 -235 -245 0
-83 -236 -245 0
-84 -237 -245 0
-85 -238 -245 0
-86 -239 -245 0
-87 -240 -245 0
-88 -241 -245 0
-89 -242 -245 0
-90 -243 -245 0
-91 -244 -245 0
-92 -232 -246 0
-93 -233 -246 0
-94 -234 -246 0
-95 -235 -246 0
-96 -236 -246 0
-97 -237 -246 0
-98 -238 -246 0
-99 -239 -246 0
-100 -240 -246 0
-101 -241 -246 0
-102 -242 -246 0
-103 -243 -246 0
-104 -244 -246 0
-105 -245 -246 0
-106 -232 -247 0
-107 -233 -247 0
-108 -234 -247 0
-109 -235 -247 0
-110 -236 -247 0
-111 -237 -247 0
-112 -238 -247 0
-113 -239 -247 0
-114 -240 -247 0
-115 -241 -247 0
-116 -242 -247 0
-117 -243 -247 0
-118 -244 -247 0
-119 -245 -247 0
-120 -246 -247 0
-121 -232 -248 0
-122 -233 -248 0
-123 -234 -248 0
-124 -235 -248 0
-125 -236 -248 0
-126 -237 -248 0
-127 -238 -248 0
-128 -239 -248 0
-129 -240 -248 0
-130 -241 -248 0
-131 -242 -248 0
-132 -243 -248 0
-133 -244 -248 0
-134 -245 -248 0
-135 -246 -248 0
-136 -247 -248 0
-137 -232 -249 0
-138 -233 -249 0
-139 -234 -249 0
-140 -235 -249 0
-141 -236 -249 0
-142 -237 -249 0
-143 -238 -249 0
-144 -239 -249 0
-145 -240 -249 0
-146 -241 -249 0
-147 -242 -249 0
-148 -243 -249 0
-149 -244 -249 0
-150 -245 -249 0
-151 -246 -249 0
-152 -247 -249 0
-153 -248 -249 0
-154 -232 -250 0
-155 -233 -250 0
-156 -234 -250 0
-157 -235 -250 0
-158 -236 -250 0
-159 -237 -250 0
-160 -238 -250 0
-161 -239 -250 0
-162 -240 -250 0
-163 -241 -250 0
-164 -242 -250 0
-165 -243 -250 0
-166 -244 -250 0
-167 -245 -250 0
-168 -246 -250 0
-169 -247 -250 0
-170 -248 -250 0
-171 -249 -250 0
-172 -232 -251 0
-173 -233 -251 0
-174 -234 -251 0
-175 -235 -251 0
-176 -236 -251 0
-177 -237 -251 0
-178 -238 -251 0
-179 -239 -251 0
-180 -240 -251 0
-181 -241 -251 0
-182 -242 -251 0
-183 -243 -251 0
-184 -244 -251 0
-185 -245 -251 0
-186 -246 -251 0
-187 -247 -251 0
-188 -248 -251 0
-189 -249 -251 0
-190 -250 -251 0
-191 -232 -252 0
-192 -233 -252 0
-193 -234 -252 0
-194 -235 -252 0
-195 -236 -252 0
-196 -237 -252 0
-197 -238 -252 0
-198 -239 -252 0
-199 -240 -252 0
-200 -241 -252 0
-201 -242 -252 0
-202 -243 -252 0
-203 -244 -252 0
-204 -245 -252 0
-205 -246 -252 0
-206 -247 -252 0
-207 -248 -252 0
-208 -249 -252 0
-209 -250 -252 0
-210 -251 -252 0
-211 -232 -253 0
-212 -233 -253 0
-213 -234 -253 0
-214 -235 -253 0
-215 -236 -253 0
-216 -237 -253 0
-217 -238 -253 0
-218 -239 -253 0
-219 -240 -253 0
-220 -241 -253 0
-221 -242 -253 0
-222 -243 -253 0
-223 -244 -253 0
-224 -245 -253 0
-225 -246 -253 0
-226 -247 -253 0
-227 -248 -253 0
-228 -249 -253 0
-229 -250 -253 0
-230 -251 -253 0
-231 -252 -253 0
-1 -3 -2 232 233 234 0
-1 -5 -4 232 233 235 0
-1 -8 -7 232 233 236 0
-1 -12 -11 232 233 237 0
-1 -17 -16 232 233 238 0
-1 -23 -22 232 233 239 0
-1 -30 -29 232 233 240 0
-1 -38 -37 232 233 241 0
-1 -47 -46 232 233 242 0
-1 -57 -56 232 233 243 0
-1 -68 -67 232 233 244 0
-1 -80 -79 232 233 245 0
-1 -93 -92 232 233 246 0
-1 -107 -106 232 233 247 0
-1 -122 -121 232 233 248 0
-1 -138 -137 232 233 249 0
-1 -155 -154 232 233 250 0
-1 -173 -172 232 233 251 0
-1 -192 -191 232 233 252 0
-1 -212 -211 232 233 253 0
-2 -6 -4 232 234 235 0
-2 -9 -7 232 234 236 0
-2 -13 -11 232 234 237 0
-2 -18 -16 232 234 238 0
-2 -24 -22 232 234 239 0
-2 -31 -29 232 234 240 0
-2 -39 -37 232 234 241 0
-2 -48 -46 232 234 242 0
-2 -58 -56 232 234 243 0
-2 -69 -67 232 234 244 0
-2 -81 -79 232 234 245 0
-2 -94 -92 232 234 246 0
-2 -108 -106 232 234 247 0
-2 -123 -121 232 234 248 0
-2 -139 -137 232 234 249 0
-2 -156 -154 232 234 250 0
-2 -174 -172 232 234 251 0
-2 -193 -191 232 234 252 0
-2 -213 -211 232 234 253 0
-4 -10 -7 232 235 236 0
-4 -14 -11 232 235 237 0
-4 -19 -16 232 235 238 0
-4 -25 -22 232 235 239 0
-4 -32 -29 232 235 240 0
-4 -40 -37 232 235 241 0
-4 -49 -46 232 235 242 0
-4 -59 -56 232 235 243 0
-4 -70 -67 232 235 244 0
-4 -82 -79 232 235 245 0
-4 -95 -92 232 235 246 0
-4 -109 -106 232 235 247 0
-4 -124 -121 232 235 248 0
-4 -140 -137 232 235 249 0
-4 -157 -154 232 235 250 0
-4 -175 -172 232 235 251 0
-4 -194 -191 232 235 252 0
-4 -214 -211 232 235 253 0
-7 -15 -11 232 236 237 0
-7 -20 -16 232 236 238 0
-7 -26 -22 232 236 239 0
-7 -33 -29 232 236 240 0
-7 -41 -37 232 236 241 0
-7 -50 -46 232 236 242 0
-7 -60 -56 232 236 243 0
-7 -71 -67 232 236 244 0
-7 -83 -79 232 236 245 0
-7 -96 -92 232 236 246 0
-7 -110 -106 232 236 247 0
-7 -125 -121 232 236 248 0
-7 -141 -137 232 236 249 0
-7 -158 -154 232 236 250 0
-7 -176 -172 232 236 251 0
-7 -195 -191 232 236 252 0
-7 -215 -211 232 236 253 0
-11 -21 -16 232 237 238 0
-11 -27 -22 232 237 239 0
-11 -34 -29 232 237 240 0
-11 -42 -37 232 237 241 0
-11 -51 -46 232 237 242 0
-11 -61 -56 232 237 243 0
-11 -72 -67 232 237 244 0
-11 -84 -79 232 237 245 0
-11 -97 -92 232 237 246 0
-11 -111 -106 232 237 247 0
-11 -126 -121 232 237 248 0
-11 -142 -137 232 237 249 0
-11 -159 -154 232 237 250 0
-11 -177 -172 232 237 251 0
-11 -196 -191 232 237 252 0
-11 -216 -211 232 237 253 0
-16 -28 -22 232 238 239 0
-16 -35 -29 232 238 240 0
-16 -43 -37 232 238 241 0
-16 -52 -46 232 238 242 0
-16 -62 -56 232 238 243 0
-16 -73 -67 232 238 244 0
-16 -85 -79 232 238 245 0
-16 -98 -92 232 238 246 0
-16 -112 -106 232 238 247 0
-16 -127 -121 232 238 248 0
-16 -143 -137 232 238 249 0
-16 -160 -154 232 238 250 0
-16 -178 -172 232 238 251 0
-16 -197 -191 232 238 252 0
-16 -217 -211 232 238 253 0
-22 -36 -29 232 239 240 0
-22 -44 -37 232 239 241 0
-22 -53 -46 232 239 242 0
-22 -63 -56 232 239 243 0
-22 -74 -67 232 239 244 0
-22 -86 -79 232 239 245 0
-22 -99 -92 232 239 246 0
-22 -113 -106 232 239 247 0
-22 -128 -121 232 239 248 0
-22 -144 -137 232 239 249 0
-22 -161 -154 232 239 250 0
-22 -179 -172 232 239 251 0
-22 -198 -191 232 239 252 0
-22 -218 -211 232 239 253 0
-29 -45 -37 232 240 241 0
-29 -54 -46 232 240 242 0
-29 -64 -56 232 240 243 0
-29 -75 -67 232 240 244 0
-29 -87 -79 232 240 245 0
-29 -100 -92 232 240 246 0
-29 -114 -106 232 240 247 0
-29 -129 -121 232 240 248 0
-29 -145 -137 232 240 249 0
-29 -162 -154 232 240 250 0
-29 -180 -172 232 240 251 0
-29 -199 -191 232 240 252 0
-29 -219 -211 232 240 253 0
-37 -55 -46 232 241 242 0
-37 -65 -56 232 241 243 0
-37 -76 -67 232 241 244 0
-37 -88 -79 232 241 245 0
-37 -101 -92 232 241 246 0
-37 -115 -106 232 241 247 0
-37 -130 -121 232 241 248 0
-37 -146 -137 232 241 249 0
-37 -163 -154 232 241 250 0
-37 -181 -172 232 241 251 0
-37 -200 -191 232 241 252 0
-37 -220 -211 232 241 253 0
-46 -66 -56 232 242 243 0
-46 -77 -67 232 242 244 0
-46 -89 -79 232 242 245 0
-46 -102 -92 232 242 246 0
-46 -116 -106 232 242 247 0
-46 -131 -121 232 242 248 0
-46 -147 -137 232 242 249 0
-46 -164 -154 232 242 250 0
-46 -182 -172 232 242 251 0
-46 -201 -191 232 242 252 0
-46 -221 -211 232 242 253 0
-56 -78 -67 232 243 244 0
-56 -90 -79 232 243 245 0
-56 -103 -92 232 243 246 0
-56 -117 -106 232 243 247 0
-56 -132 -121 232 243 248 0
-56 -148 -137 232 243 249 0
-56 -165 -154 232 243 250 0
-56 -183 -172 232 243 251 0
-56 -202 -191 232 243 252 0
-56 -222 -211 232 243 253 0
-67 -91 -79 232 244 245 0
-67 -104 -92 232 244 246 0
-67 -118 -106 232 244 247 0
-67 -133 -121 232 244 248 0
-67 -149 -137 232 244 249 0
-67 -166 -154 232 244 250 0
-67 -184 -172 232 244 251 0
-67 -203 -191 232 244 252 0
-67 -223 -211 232 244 253 0
-79 -105 -92 232 245 246 0
-79 -119 -106 232 245 247 0
-79 -134 -121 232 245 248 0
-79 -150 -137 232 245 249 0
-79 -167 -154 232 245 250 0
-79 -185 -172 232 245 251 0
-79 -204 -191 232 245 252 0
-79 -224 -211 232 245 253 0
-92 -120 -106 232 246 247 0
-92 -135 -121 232 246 248 0
-92 -151 -137 232 246 249 0
-92 -168 -154 232 246 250 0
-92 -186 -172 232 246 251 0
-92 -205 -191 232 246 252 0
-92 -225 -211 232 246 253 0
-106 -136 -121 232 247 248 0
-106 -152 -137 232 247 249 0
-106 -169 -154 232 247 250 0
-106 -187 -172 232 247 251 0
-106 -206 -191 232 247 252 0
-106 -226 -211 232 247 253 0
-121 -153 -137 232 248 249 0
-121 -170 -154 232 248 250 0
-121 -188 -172 232 248 251 0
-121 -207 -191 232 248 252 0
-121 -227 -211 232 248 253 0
-137 -171 -154 232 249 250 0
-137 -189 -172 232 249 251 0
-137 -208 -191 232 249 252 0
-137 -228 -211 232 249 253 0
-154 -190 -172 232 250 251 0
-154 -209 -191 232 250 252 0
-154 -229 -211 232 250 253 0
-172 -210 -191 232 251 252 0
-172 -230 -211 232 251 253 0
-191 -231 -211 232 252 253 0
-3 -6 -5 233 234 235 0
-3 -9 -8 233 234 236 0
-3 -13 -12 233 234 237 0
-3 -18 -17 233 234 238 0
-3 -24 -23 233 234 239 0
-3 -31 -30 233 234 240 0
-3 -39 -38 233 234 241 0
-3 -48 -47 233 234 242 0
-3 -58 -57 233 234 243 0
-3 -69 -68 233 234 244 0
-3 -81 -80 233 234 245 0
-3 -94 -93 233 234 246 0
-3 -108 -107 233 234 247 0
-3 -123 -122 233 234 248 0
-3 -139 -138 233 234 249 0
-3 -156 -155 233 234 250 0
-3 -174 -173 233 234 251 0
-3 -193 -192 233 234 252 0
-3 -213 -212 233 234 253 0
-5 -10 -8 233 235 236 0
-5 -14 -12 233 235 237 0
-5 -19 -17 233 235 238 0
-5 -25 -23 233 235 239 0
-5 -32 -30 233 235 240 0
-5 -40 -38 233 235 241 0
-5 -49 -47 233 235 242 0
-5 -59 -57 233 235 243 0
-5 -70 -68 233 235 244 0
-5 -82 -80 233 235 245 0
-5 -95 -93 233 235 246 0
-5 -109 -107 233 235 247 0
-5 -124 -122 233 235 248 0
-5 -140 -138 233 235 249 0
-5 -157 -155 233 235 250 0
-5 -175 -173 233 235 251 0
-5 -194 -192 233 235 252 0
-5 -214 -212 233 235 253 0
-8 -15 -12 233 236 237 0
-8 -20 -17 233 236 238 0
-8 -26 -23 233 236 239 0
-8 -33 -30 233 236 240 0
-8 -41 -38 233 236 241 0
-8 -50 -47 233 236 242 0
-8 -60 -57 233 236 243 0
-8 -71 -68 233 236 244 0
-8 -83 -80 233 236 245 0
-8 -96 -93 233 236 246 0
-8 -110 -107 233 236 247 0
-8 -125 -122 233 236 248 0
-8 -141 -138 233 236 249 0
-8 -158 -155 233 236 250 0
-8 -176 -173 233 236 251 0
-8 -195 -192 233 236 252 0
-8 -215 -212 233 236 253 0
-12 -21 -17 233 237 238 0
-12 -27 -23 233 237 239 0
-12 -34 -30 233 237 240 0
-12 -42 -38 233 237 241 0
-12 -51 -47 233 237 242 0
-12 -61 -57 233 237 243 0
-12 -72 -68 233 237 244 0
-12 -84 -80 233 237 245 0
-12 -97 -93 233 237 246 0
-12 -111 -107 233 237 247 0
-12 -126 -122 233 237 248 0
-12 -142 -138 233 237 249 0
-12 -159 -155 233 237 250 0
-12 -177 -173 233 237 251 0
-12 -196 -192 233 237 252 0
-12 -216 -212 233 237 253 0
-17 -28 -23 233 238 239 0
-17 -35 -30 233 238 240 0
-17 -43 -38 233 238 241 0
-17 -52 -47 233 238 242 0
-17 -62 -57 233 238 243 0
-17 -73 -68 233 238 244 0
-17 -85 -80 233 238 245 0
-17 -98 -93 233 238 246 0
-17 -112 -107 233 238 247 0
-17 -127 -122 233 238 248 0
-17 -143 -138 233 238 249 0
-17 -160 -155 233 238 250 0
-17 -178 -173 233 238 251 0
-17 -197 -192 233 238 252 0
-17 -217 -212 233 238 253 0
-23 -36 -30 233 239 240 0
-23 -44 -38 233 239 241 0
-23 -53 -47 233 239 242 0
-23 -63 -57 233 239 243 0
-23 -74 -68 233 239 244 0
-23 -86 -80 233 239 245 0
-23 -99 -93 233 239 246 0
-23 -113 -107 233 239 247 0
-23 -128 -122 233 239 248 0
-23 -144 -138 233 239 249 0
-23 -161 -155 233 239 250 0
-23 -179 -173 233 239 251 0
-23 -198 -192 233 239 252 0
-23 -218 -212 233 239 253 0
-30 -45 -38 233 240 241 0
-30 -54 -47 233 240 242 0
-30 -64 -57 233 240 243 0
-30 -75 -68 233 240 244 0
-30 -87 -80 233 240 245 0
-30 -100 -93 233 240 246 0
-30 -114 -107 233 240 247 0
-30 -129 -122 233 240 248 0
-30 -145 -138 233 240 249 0
-30 -162 -155 233 240 250 0
-30 -180 -173 233 240 251 0
-30 -199 -192 233 240 252 0
-30 -219 -212 233 240 253 0
-38 -55 -47 233 241 242 0
-38 -65 -57 233 241 243 0
-38 -76 -68 233 241 244 0
-38 -88 -80 233 241 245 0
-38 -101 -93 233 241 246 0
-38 -115 -107 233 241 247 0
-38 -130 -122 233 241 248 0
-38 -146 -138 233 241 249 0
-38 -163 -155 233 241 250 0
-38 -181 -173 233 241 251 0
-38 -200 -192 233 241 252 0
-38 -220 -212 233 241 253 0
-47 -66 -57 233 242 243 0
-47 -77 -68 233 242 244 0
-47 -89 -80 233 242 245 0
-47 -102 -93 233 242 246 0
-47 -116 -107 233 242 247 0
-47 -131 -122 233 242 248 0
-47 -147 -138 233 242 249 0
-47 -164 -155 233 242 250 0
-47 -182 -173 233 242 251 0
-47 -201 -192 233 242 252 0
-47 -221 -212 233 242 253 0
-57 -78 -68 233 243 244 0
-57 -90 -80 233 243 245 0
-57 -103 -93 233 243 246 0
-57 -117 -107 233 243 247 0
-57 -132 -122 233 243 248 0
-57 -148 -138 233 243 249 0
-57 -165 -155 233 243 250 0
-57 -183 -173 233 243 251 0
-57 -202 -192 233 243 252 0
-57 -222 -212 233 243 253 0
-68 -91 -80 233 244 245 0
-68 -104 -93 233 244 246 0
-68 -118 -107 233 244 247 0
-68 -133 -122 233 244 248 0
-68 -149 -138 233 244 249 0
-68 -166 -155 233 244 250 0
-68 -184 -173 233 244 251 0
-68 -203 -192 233 244 252 0
-68 -223 -212 233 244 253 0
-80 -105 -93 233 245 246 0
-80 -119 -107 233 245 247 0
-80 -134 -122 233 245 248 0
-80 -150 -138 233 245 249 0
-80 -167 -155 233 245 250 0
-80 -185 -173 233 245 251 0
-80 -204 -192 233 245 252 0
-80 -224 -212 233 245 253 0
-93 -120 -107 233 246 247 0
-93 -135 -122 233 246 248 0
-93 -151 -138 233 246 249 0
-93 -168 -155 233 246 250 0
-93 -186 -173 233 246 251 0
-93 -205 -192 233 246 252 0
-93 -225 -212 233 246 253 0
-107 -136 -122 233 247 248 0
-107 -152 -138 233 247 249 0
-107 -169 -155 233 247 250 0
-107 -187 -173 233 247 251 0
-107 -206 -192 233 247 252 0
-107 -226 -212 233 247 253 0
-122 -153 -138 233 248 249 0
-122 -170 -155 233 248 250 0
-122 -188 -173 233 248 251 0
-122 -207 -192 233 248 252 0
-122 -227 -212 233 248 253 0
-138 -171 -155 233 249 250 0
-138 -189 -173 233 249 251 0
-138 -208 -192 233 249 252 0
-138 -228 -212 233 249 253 0
-155 -190 -173 233 250 251 0
-155 -209 -192 233 250 252 0
-155 -229 -212 233 250 253 0
-173 -210 -192 233 251 252 0
-173 -230 -212 233 251 253 0
-192 -231 -212 233 252 253 0
-6 -10 -9 234 235 236 0
-6 -14 -13 234 235 237 0
-6 -19 -18 234 235 238 0
-6 -25 -24 234 235 239 0
-6 -32 -31 234 235 240 0
-6 -40 -39 234 235 241 0
-6 -49 -48 234 235 242 0
-6 -59 -58 234 235 243 0
-6 -70 -69 234 235 244 0
-6 -82 -81 234 235 245 0
-6 -95 -94 234 235 246 0
-6 -109 -108 234 235 247 0
-6 -124 -123 234 235 248 0
-6 -140 -139 234 235 249 0
-6 -157 -156 234 235 250 0
-6 -175 -174 234 235 251 0
-6 -194 -193 234 235 252 0
-6 -214 -213 234 235 253 0
-9 -15 -13 234 236 237 0
-9 -20 -18 234 236 238 0
-9 -26 -24 234 236 239 0
-9 -33 -31 234 236 240 0
-9 -41 -39 234 236 241 0
-9 -50 -48 234 236 242 0
-9 -60 -58 234 236 243 0
-9 -71 -69 234 236 244 0
-9 -83 -81 234 236 245 0
-9 -96 -94 234 236 246 0
-9 -110 -108 234 236 247 0
-9 -125 -123 234 236 248 0
-9 -141 -139 234 236 249 0
-9 -158 -156 234 236 250 0
-9 -176 -174 234 236 251 0
-9 -195 -193 234 236 252 0
-9 -215 -213 234 236 253 0
-13 -21 -18 234 237 238 0
-13 -27 -24 234 237 239 0
-13 -34 -31 234 237 240 0
-13 -42 -39 234 237 241 0
-13 -51 -48 234 237 242 0
-13 -61 -58 234 237 243 0
-13 -72 -69 234 237 244 0
-13 -84 -81 234 237 245 0
-13 -97 -94 234 237 246 0
-13 -111 -108 234 237 247 0
-13 -126 -123 234 237 248 0
-13 -142 -139 234 237 249 0
-13 -159 -156 234 237 250 0
-13 -177 -174 234 237 251 0
-13 -196 -193 234 237 252 0
-13 -216 -213 234 237 253 0
-18 -28 -24 234 238 239 0
-18 -35 -31 234 238 240 0
-18 -43 -39 234 238 241 0
-18 -52 -48 234 238 242 0
-18 -62 -58 234 238 243 0
-18 -73 -69 234 238 244 0
-18 -85 -81 234 238 245 0
-18 -98 -94 234 238 246 0
-18 -112 -108 234 238 247 0
-18 -127 -123 234 238 248 0
-18 -143 -139 234 238 249 0
-18 -160 -156 234 238 250 0
-18 -178 -174 234 238 251 0
-18 -197 -193 234 238 252 0
-18 -217 -213 234 238 253 0
-24 -36 -31 234 239 240 0
-24 -44 -39 234 239 241 0
-24 -53 -48 234 239 242 0
-24 -63 -58 234 239 243 0
-24 -74 -69 234 239 244 0
-24 -86 -81 234 239 245 0
-24 -99 -94 234 239 246 0
-24 -113 -108 234 239 247 0
-24 -128 -123 234 239 248 0
-24 -144 -139 234 239 249 0
-24 -161 -156 234 239 250 0
-24 -179 -174 234 239 251 0
-24 -198 -193 234 239 252 0
-24 -218 -213 234 239 253 0
-31 -45 -39 234 240 241 0
-31 -54 -48 234 240 242 0
-31 -64 -58 234 240 243 0
-31 -75 -69 234 240 244 0
-31 -87 -81 234 240 245 0
-31 -100 -94 234 240 246 0
-31 -114 -108 234 240 247 0
-31 -129 -123 234 240 248 0
-31 -145 -139 234 240 249 0
-31 -162 -156 234 240 250 0
-31 -180 -174 234 240 251 0
-31 -199 -193 234 240 252 0
-31 -219 -213 234 240 253 0
-39 -55 -48 234 241 242 0
-39 -65 -58 234 241 243 0
-39 -76 -69 234 241 244 0
-39 -88 -81 234 241 245 0
-39 -101 -94 234 241 246 0
-39 -115 -108 234 241 247 0
-39 -130 -123 234 241 248 0
-39 -146 -139 234 241 249 0
-39 -163 -156 234 241 250 0
-39 -181 -174 234 241 251 0
-39 -200 -193 234 241 252 0
-39 -220 -213 234 241 253 0
-48 -66 -58 234 242 243 0
-48 -77 -69 234 242 244 0
-48 -89 -81 234 242 245 0
-48 -102 -94 234 242 246 0
-48 -116 -108 234 242 247 0
-48 -131 -123 234 242 248 0
-48 -147 -139 234 242 249 0
-48 -164 -156 234 242 250 0
-48 -182 -174 234 242 251 0
-48 -201 -193 234 242 252 0
-48 -221 -213 234 242 253 0
-58 -78 -69 234 243 244 0
-58 -90 -81 234 243 245 0
-58 -103 -94 234 243 246 0
-58 -117 -108 234 243 247 0
-58 -132 -123 234 243 248 0
-58 -148 -139 234 243 249 0
-58 -165 -156 234 243 250 0
-58 -183 -174 234 243 251 0
-58 -202 -193 234 243 252 0
-58 -222 -213 234 243 253 0
-69 -91 -81 234 244 245 0
-69 -104 -94 234 244 246 0
-69 -118 -108 234 244 247 0
-69 -133 -123 234 244 248 0
-69 -149 -139 234 244 249 0
-69 -166 -156 234 244 250 0
-69 -184 -174 234 244 251 0
-69 -203 -193 234 244 252 0
-69 -223 -213 234 244 253 0
-81 -105 -94 234 245 246 0
-81 -119 -108 234 245 247 0
-81 -134 -123 234 245 248 0
-81 -150 -139 234 245 249 0
-81 -167 -156 234 245 250 0
-81 -185 -174 234 245 251 0
-81 -204 -193 234 245 252 0
-81 -224 -213 234 245 253 0
-94 -120 -108 234 246 247 0
-94 -135 -123 234 246 248 0
-94 -151 -139 234 246 249 0
-94 -168 -156 234 246 250 0
-94 -186 -174 234 246 251 0
-94 -205 -193 234 246 252 0
-94 -225 -213 234 246 253 0
-108 -136 -123 234 247 248 0
-108 -152 -139 234 247 249 0
-108 -169 -156 234 247 250 0
-108 -187 -174 234 247 251 0
-108 -206 -193 234 247 252 0
-108 -226 -213 234 247 253 0
-123 -153 -139 234 248 249 0
-123 -170 -156 234 248 250 0
-123 -188 -174 234 248 251 0
-123 -207 -193 234 248 252 0
-123 -227 -213 234 248 253 0
-139 -171 -156 234 249 250 0
-139 -189 -174 234 249 251 0
-139 -208 -193 234 249 252 0
-139 -228 -213 234 249 253 0
-156 -190 -174 234 250 251 0
-156 -209 -193 234 250 252 0
-156 -229 -213 234 250 253 0
-174 -210 -193 234 251 252 0
-174 -230 -213 234 251 253 0
-193 -231 -213 234 252 253 0
-10 -15 -14 235 236 237 0
-10 -20 -19 235 236 238 0
-10 -26 -25 235 236 239 0
-10 -33 -32 235 236 240 0
-10 -41 -40 235 236 241 0
-10 -50 -49 235 236 242 0
-10 -60 -59 235 236 243 0
-10 -71 -70 235 236 244 0
-10 -83 -82 235 236 245 0
-10 -96 -95 235 236 246 0
-10 -110 -109 235 236 247 0
-10 -125 -124 235 236 248 0
-10 -141 -140 235 236 249 0
-10 -158 -157 235 236 250 0
-10 -176 -175 235 236 251 0
-10 -195 -194 235 236 252 0
-10 -215 -214 235 236 253 0
-14 -21 -19 235 237 238 0
-14 -27 -25 235 237 239 0
-14 -34 -32 235 237 240 0
-14 -42 -40 235 237 241 0
-14 -51 -49 235 237 242 0
-14 -61 -59 235 237 243 0
-14 -72 -70 235 237 244 0
-14 -84 -82 235 237 245 0
-14 -97 -95 235 237 246 0
-14 -111 -109 235 237 247 0
-14 -126 -124 235 237 248 0
-14 -142 -140 235 237 249 0
-14 -159 -157 235 237 250 0
-14 -177 -175 235 237 251 0
-14 -196 -194 235 237 252 0
-14 -216 -214 235 237 253 0
-19 -28 -25 235 238 239 0
-19 -35 -32 235 238 240 0
-19 -43 -40 235 238 241 0
-19 -52 -49 235 238 242 0
-19 -62 -59 235 238 243 0
-19 -73 -70 235 238 244 0
-19 -85 -82 235 238 245 0
-19 -98 -95 235 238 246 0
-19 -112 -109 235 238 247 0
-19 -127 -124 235 238 248 0
-19 -143 -140 235 238 249 0
-19 -160 -157 235 238 250 0
-19 -178 -175 235 238 251 0
-19 -197 -194 235 238 252 0
-19 -217 -214 235 238 253 0
-25 -36 -32 235 239 240 0
-25 -44 -40 235 239 241 0
-25 -53 -49 235 239 242 0
-25 -63 -59 235 239 243 0
-25 -74 -70 235 239 244 0
-25 -86 -82 235 239 245 0
-25 -99 -95 235 239 246 0
-25 -113 -109 235 239 247 0
-25 -128 -124 235 239 248 0
-25 -144 -140 235 239 249 0
-25 -161 -157 235 239 250 0
-25 -179 -175 235 239 251 0
-25 -198 -194 235 239 252 0
-25 -218 -214 235 239 253 0
-32 -45 -40 235 240 241 0
-32 -54 -49 235 240 242 0
-32 -64 -59 235 240 243 0
-32 -75 -70 235 240 244 0
-32 -87 -82 235 240 245 0
-32 -100 -95 235 240 246 0
-32 -114 -109 235 240 247 0
-32 -129 -124 235 240 248 0
-32 -145 -140 235 240 249 0
-32 -162 -157 235 240 250 0
-32 -180 -175 235 240 251 0
-32 -199 -194 235 240 252 0
-32 -219 -214 235 240 253 0
-40 -55 -49 235 241 242 0
-40 -65 -59 235 241 243 0
-40 -76 -70 235 241 244 0
-40 -88 -82 235 241 245 0
-40 -101 -95 235 241 246 0
-40 -115 -109 235 241 247 0
-40 -130 -124 235 241 248 0
-40 -146 -140 235 241 249 0
-40 -163 -157 235 241 250 0
-40 -181 -175 235 241 251 0
-40 -200 -194 235 241 252 0
-40 -220 -214 235 241 253 0
-49 -66 -59 235 242 243 0
-49 -77 -70 235 242 244 0
-49 -89 -82 235 242 245 0
-49 -102 -95 235 242 246 0
-49 -116 -109 235 242 247 0
-49 -131 -124 235 242 248 0
-49 -147 -140 235 242 249 0
-49 -164 -157 235 242 250 0
-49 -182 -175 235 242 251 0
-49 -201 -194 235 242 252 0
-49 -221 -214 235 242 253 0
-59 -78 -70 235 243 244 0
-59 -90 -82 235 243 245 0
-59 -103 -95 235 243 246 0
-59 -117 -109 235 243 247 0
-59 -132 -124 235 243 248 0
-59 -148 -140 235 243 249 0
-59 -165 -157 235 243 250 0
-59 -183 -175 235 243 251 0
-59 -202 -194 235 243 252 0
-59 -222 -214 235 243 253 0
-70 -91 -82 235 244 245 0
-70 -104 -95 235 244 246 0
-70 -118 -109 235 244 247 0
-70 -133 -124 235 244 248 0
-70 -149 -140 235 244 249 0
-70 -166 -157 235 244 250 0
-70 -184 -175 235 244 251 0
-70 -203 -194 235 244 252 0
-70 -223 -214 235 244 253 0
-82 -105 -95 235 245 246 0
-82 -119 -109 235 245 247 0
-82 -134 -124 235 245 248 0
-82 -150 -140 235 245 249 0
-82 -167 -157 235 245 250 0
-82 -185 -175 235 245 251 0
-82 -204 -194 235 245 252 0
-82 -224 -214 235 245 253 0
-95 -120 -109 235 246 247 0
-95 -135 -124 235 246 248 0
-95 -151 -140 235 246 249 0
-95 -168 -157 235 246 250 0
-95 -186 -175 235 246 251 0
-95 -205 -194 235 246 252 0
-95 -225 -214 235 246 253 0
-109 -136 -124 235 247 248 0
-109 -152 -140 235 247 249 0
-109 -169 -157 235 247 250 0
-109 -187 -175 235 247 251 0
-109 -206 -194 235 247 252 0
-109 -226 -214 235 247 253 0
-124 -153 -140 235 248 249 0
-124 -170 -157 235 248 250 0
-124 -188 -175 235 248 251 0
-124 -207 -194 235 248 252 0
-124 -227 -214 235 248 253 0
-140 -171 -157 235 249 250 0
-140 -189 -175 235 249 251 0
-140 -208 -194 235 249 252 0
-140 -228 -214 235 249 253 0
-157 -190 -175 235 250 251 0
-157 -209 -194 235 250 252 0
-157 -229 -214 235 250 253 0
-175 -210 -194 235 251 252 0
-175 -230 -214 235 251 253 0
-194 -231 -214 235 252 253 0
-15 -21 -20 236 237 238 0
-15 -27 -26 236 237 239 0
-15 -34 -33 236 237 240 0
-15 -42 -41 236 237 241 0
-15 -51 -50 236 237 242 0
-15 -61 -60 236 237 243 0
-15 -72 -71 236 237 244 0
-15 -84 -83 236 237 245 0
-15 -97 -96 236 237 246 0
-15 -111 -110 236 237 247 0
-15 -126 -125 236 237 248 0
-15 -142 -141 236 237 249 0
-15 -159 -158 236 237 250 0
-15 -177 -176 236 237 251 0
-15 -196 -195 236 237 252 0
-15 -216 -215 236 237 253 0
-20 -28 -26 236 238 239 0
-20 -35 -33 236 238 240 0
-20 -43 -41 236 238 241 0
-20 -52 -50 236 238 242 0
-20 -62 -60 236 238 243 0
-20 -73 -71 236 238 244 0
-20 -85 -83 236 238 245 0
-20 -98 -96 236 238 246 0
-20 -112 -110 236 238 247 0
-20 -127 -125 236 238 248 0
-20 -143 -141 236 238 249 0
-20 -160 -158 236 238 250 0
-20 -178 -176 236 238 251 0
-20 -197 -195 236 238 252 0
-20 -217 -215 236 238 253 0
-26 -36 -33 236 239 240 0
-26 -44 -41 236 239 241 0
-26 -53 -50 236 239 242 0
-26 -63 -60 236 239 243 0
-26 -74 -71 236 239 244 0
-26 -86 -83 236 239 245 0
-26 -99 -96 236 239 246 0
-26 -113 -110 236 239 247 0
-26 -128 -125 236 239 248 0
-26 -144 -141 236 239 249 0
-26 -161 -158 236 239 250 0
-26 -179 -176 236 239 251 0
-26 -198 -195 236 239 252 0
-26 -218 -215 236 239 253 0
-33 -45 -41 236 240 241 0
-33 -54 -50 236 240 242 0
-33 -64 -60 236 240 243 0
-33 -75 -71 236 240 244 0
-33 -87 -83 236 240 245 0
-33 -100 -96 236 240 246 0
-33 -114 -110 236 240 247 0
-33 -129 -125 236 240 248 0
-33 -145 -141 236 240 249 0
-33 -162 -158 236 240 250 0
-33 -180 -176 236 240 251 0
-33 -199 -195 236 240 252 0
-33 -219 -215 236 240 253 0
-41 -55 -50 236 241 242 0
-41 -65 -60 236 241 243 0
-41 -76 -71 236 241 244 0
-41 -88 -83 236 241 245 0
-41 -101 -96 236 241 246 0
-41 -115 -110 236 241 247 0
-41 -130 -125 236 241 248 0
-41 -146 -141 236 241 249 0
-41 -163 -158 236 241 250 0
-41 -181 -176 236 241 251 0
-41 -200 -195 236 241 252 0
-41 -220 -215 236 241 253 0
-50 -66 -60 236 242 243 0
-50 -77 -71 236 242 244 0
-50 -89 -83 236 242 245 0
-50 -102 -96 236 242 246 0
-50 -116 -110 236 242 247 0
-50 -131 -125 236 242 248 0
-50 -147 -141 236 242 249 0
-50 -164 -158 236 242 250 0
-50 -182 -176 236 242 251 0
-50 -201 -195 236 242 252 0
-50 -221 -215 236 242 253 0
-60 -78 -71 236 243 244 0
-60 -90 -83 236 243 245 0
-60 -103 -96 236 243 246 0
-60 -117 -110 236 243 247 0
-60 -132 -125 236 243 248 0
-60 -148 -141 236 243 249 0
-60 -165 -158 236 243 250 0
-60 -183 -176 236 243 251 0
-60 -202 -195 236 243 252 0
-60 -222 -215 236 243 253 0
-71 -91 -83 236 244 245 0
-71 -104 -96 236 244 246 0
-71 -118 -110 236 244 247 0
-71 -133 -125 236 244 248 0
-71 -149 -141 236 244 249 0
-71 -166 -158 236 244 250 0
-71 -184 -176 236 244 251 0
-71 -203 -195 236 244 252 0
-71 -223 -215 236 244 253 0
-83 -105 -96 236 245 246 0
-83 -119 -110 236 245 247 0
-83 -134 -125 236 245 248 0
-83 -150 -141 236 245 249 0
-83 -167 -158 236 245 250 0
-83 -185 -176 236 245 251 0
-83 -204 -195 236 245 252 0
-83 -224 -215 236 245 253 0
-96 -120 -110 236 246 247 0
-96 -135 -125 236 246 248 0
-96 -151 -141 236 246 249 0
-96 -168 -158 236 246 250 0
-96 -186 -176 236 246 251 0
-96 -205 -195 236 246 252 0
-96 -225 -215 236 246 253 0
-110 -136 -125 236 247 248 0
-110 -152 -141 236 247 249 0
-110 -169 -158 236 247 250 0
-110 -187 -176 236 247 251 0
-110 -206 -195 236 247 252 0
-110 -226 -215 236 247 253 0
-125 -153 -141 236 248 249 0
-125 -170 -158 236 248 250 0
-125 -188 -176 236 248 251 0
-125 -207 -195 236 248 252 0
-125 -227 -215 236 248 253 0
-141 -171 -158 236 249 250 0
-141 -189 -176 236 249 251 0
-141 -208 -195 236 249 252 0
-141 -228 -215 236 249 253 0
-158 -190 -176 236 250 251 0
-158 -209 -195 236 250 252 0
-158 -229 -215 236 250 253 0
-176 -210 -195 236 251 252 0
-176 -230 -215 236 251 253 0
-195 -231 -215 236 252 253 0
-21 -28 -27 237 238 239 0
-21 -35 -34 237 238 240 0
-21 -43 -42 237 238 241 0
-21 -52 -51 237 238 242 0
-21 -62 -61 237 238 243 0
-21 -73 -72 237 238 244 0
-21 -85 -84 237 238 245 0
-21 -98 -97 237 238 246 0
-21 -112 -111 237 238 247 0
-21 -127 -126 237 238 248 0
-21 -143 -142 237 238 249 0
-21 -160 -159 237 238 250 0
-21 -178 -177 237 238 251 0
-21 -197 -196 237 238 252 0
-21 -217 -216 237 238 253 0
-27 -36 -34 237 239 240 0
-27 -44 -42 237 239 241 0
-27 -53 -51 237 239 242 0
-27 -63 -61 237 239 243 0
-27 -74 -72 237 239 244 0
-27 -86 -84 237 239 245 0
-27 -99 -97 237 239 246 0
-27 -113 -111 237 239 247 0
-27 -128 -126 237 239 248 0
-27 -144 -142 237 239 249 0
-27 -161 -159 237 239 250 0
-27 -179 -177 237 239 251 0
-27 -198 -196 237 239 252 0
-27 -218 -216 237 239 253 0
-34 -45 -42 237 240 241 0
-34 -54 -51 237 240 242 0
-34 -64 -61 237 240 243 0
-34 -75 -72 237 240 244 0
-34 -87 -84 237 240 245 0
-34 -100 -97 237 240 246 0
-34 -114 -111 237 240 247 0
-34 -129 -126 237 240 248 0
-34 -145 -142 237 240 249 0
-34 -162 -159 237 240 250 0
-34 -180 -177 237 240 251 0
-34 -199 -196 237 240 252 0
-34 -219 -216 237 240 253 0
-42 -55 -51 237 241 242 0
-42 -65 -61 237 241 243 0
-42 -76 -72 237 241 244 0
-42 -88 -84 237 241 245 0
-42 -101 -97 237 241 246 0
-42 -115 -111 237 241 247 0
-42 -130 -126 237 241 248 0
-42 -146 -142 237 241 249 0
-42 -163 -159 237 241 250 0
-42 -181 -177 237 241 251 0
-42 -200 -196 237 241 252 0
-42 -220 -216 237 241 253 0
-51 -66 -61 237 242 243 0
-51 -77 -72 237 242 244 0
-51 -89 -84 237 242 245 0
-51 -102 -97 237 242 246 0
-51 -116 -111 237 242 247 0
-51 -131 -126 237 242 248 0
-51 -147 -142 237 242 249 0
-51 -164 -159 237 242 250 0
-51 -182 -177 237 242 251 0
-51 -201 -196 237 242 252 0
-51 -221 -216 237 242 253 0
-61 -78 -72 237 243 244 0
-61 -90 -84 237 243 245 0
-61 -103 -97 237 243 246 0
-61 -117 -111 237 243 247 0
-61 -132 -126 237 243 248 0
-61 -148 -142 237 243 249 0
-61 -165 -159 237 243 250 0
-61 -183 -177 237 243 251 0
-61 -202 -196 237 243 252 0
-61 -222 -216 237 243 253 0
-72 -91 -84 237 244 245 0
-72 -104 -97 237 244 246 0
-72 -118 -111 237 244 247 0
-72 -133 -126 237 244 248 0
-72 -149 -142 237 244 249 0
-72 -166 -159 237 244 250 0
-72 -184 -177 237 244 251 0
-72 -203 -196 237 244 252 0
-72 -223 -216 237 244 253 0
-84 -105 -97 237 245 246 0
-84 -119 -111 237 245 247 0
-84 -134 -126 237 245 248 0
-84 -150 -142 237 245 249 0
-84 -167 -159 237 245 250 0
-84 -185 -177 237 245 251 0
-84 -204 -196 237 245 252 0
-84 -224 -216 237 245 253 0
-97 -120 -111 237 246 247 0
-97 -135 -126 237 246 248 0
-97 -151 -142 237 246 249 0
-97 -168 -159 237 246 250 0
-97 -186 -177 237 246 251 0
-97 -205 -196 237 246 252 0
-97 -225 -216 237 246 253 0
-111 -136 -126 237 247 248 0
-111 -152 -142 237 247 249 0
-111 -169 -159 237 247 250 0
-111 -187 -177 237 247 251 0
-111 -206 -196 237 247 252 0
-111 -226 -216 237 247 253 0
-126 -153 -142 237 248 249 0
-126 -170 -159 237 248 250 0
-126 -188 -177 237 248 251 0
-126 -207 -196 237 248 252 0
-126 -227 -216 237 248 253 0
-142 -171 -159 237 249 250 0
-142 -189 -177 237 249 251 0
-142 -208 -196 237 249 252 0
-142 -228 -216 237 249 253 0
-159 -190 -177 237 250 251 0
-159 -209 -196 237 250 252 0
-159 -229 -216 237 250 253 0
-177 -210 -196 237 251 252 0
-177 -230 -216 237 251 253 0
-196 -231 -216 237 252 253 0
-28 -36 -35 238 239 240 0
-28 -44 -43 238 239 241 0
-28 -53 -52 238 239 242 0
-28 -63 -62 238 239 243 0
-28 -74 -73 238 239 244 0
-28 -86 -85 238 239 245 0
-28 -99 -98 238 239 246 0
-28 -113 -112 238 239 247 0
-28 -128 -127 238 239 248 0
-28 -144 -143 238 239 249 0
-28 -161 -160 238 239 250 0
-28 -179 -178 238 239 251 0
-28 -198 -197 238 239 252 0
-28 -218 -217 238 239 253 0
-35 -45 -43 238 240 241 0
-35 -54 -52 238 240 242 0
-35 -64 -62 238 240 243 0
-35 -75 -73 238 240 244 0
-35 -87 -85 238 240 245 0
-35 -100 -98 238 240 246 0
-35 -114 -112 238 240 247 0
-35 -129 -127 238 240 248 0
-35 -145 -143 238 240 249 0
-35 -162 -160 238 240 250 0
-35 -180 -178 238 240 251 0
-35 -199 -197 238 240 252 0
-35 -219 -217 238 240 253 0
-43 -55 -52 238 241 242 0
-43 -65 -62 238 241 243 0
-43 -76 -73 238 241 244 0
-43 -88 -85 238 241 245 0
-43 -101 -98 238 241 246 0
-43 -115 -112 238 241 247 0
-43 -130 -127 238 241 248 0
-43 -146 -143 238 241 249 0
-43 -163 -160 238 241 250 0
-43 -181 -178 238 241 251 0
-43 -200 -197 238 241 252 0
-43 -220 -217 238 241 253 0
-52 -66 -62 238 242 243 0
-52 -77 -73 238 242 244 0
-52 -89 -85 238 242 245 0
-52 -102 -98 238 242 246 0
-52 -116 -112 238 242 247 0
-52 -131 -127 238 242 248 0
-52 -147 -143 238 242 249 0
-52 -164 -160 238 242 250 0
-52 -182 -178 238 242 251 0
-52 -201 -197 238 242 252 0
-52 -221 -217 238 242 253 0
-62 -78 -73 238 243 244 0
-62 -90 -85 238 243 245 0
-62 -103 -98 238 243 246 0
-62 -117 -112 238 243 247 0
-62 -132 -127 238 243 248 0
-62 -148 -143 238 243 249 0
-62 -165 -160 238 243 250 0
-62 -183 -178 238 243 251 0
-62 -202 -197 238 243 252 0
-62 -222 -217 238 243 253 0
-73 -91 -85 238 244 245 0
-73 -104 -98 238 244 246 0
-73 -118 -112 238 244 247 0
-73 -133 -127 238 244 248 0
-73 -149 -143 238 244 249 0
-73 -166 -160 238 244 250 0
-73 -184 -178 238 244 251 0
-73 -203 -197 238 244 252 0
-73 -223 -217 238 244 253 0
-85 -105 -98 238 245 246 0
-85 -119 -112 238 245 247 0
-85 -134 -127 238 245 248 0
-85 -150 -143 238 245 249 0
-85 -167 -160 238 245 250 0
-85 -185 -178 238 245 251 0
-85 -204 -197 238 245 252 0
-85 -224 -217 238 245 253 0
-98 -120 -112 238 246 247 0
-98 -135 -127 238 246 248 0
-98 -151 -143 238 246 249 0
-98 -168 -160 238 246 250 0
-98 -186 -178 238 246 251 0
-98 -205 -197 238 246 252 0
-98 -225 -217 238 246 253 0
-112 -136 -127 238 247 248 0
-112 -152 -143 238 247 249 0
-112 -169 -160 238 247 250 0
-112 -187 -178 238 247 251 0
-112 -206 -197 238 247 252 0
-112 -226 -217 238 247 253 0
-127 -153 -143 238 248 249 0
-127 -170 -160 238 248 250 0
-127 -188 -178 238 248 251 0
-127 -207 -197 238 248 252 0
-127 -227 -217 238 248 253 0
-143 -171 -160 238 249 250 0
-143 -189 -178 238 249 251 0
-143 -208 -197 238 249 252 0
-143 -228 -217 238 249 253 0
-160 -190 -178 238 250 251 0
-160 -209 -197 238 250 252 0
-160 -229 -217 238 250 253 0
-178 -210 -197 238 251 252 0
-178 -230 -217 238 251 253 0
-197 -231 -217 238 252 253 0
-36 -45 -44 239 240 241 0
-36 -54 -53 239 240 242 0
-36 -64 -63 239 240 243 0
-36 -75 -74 239 240 244 0
-36 -87 -86 239 240 245 0
-36 -100 -99 239 240 246 0
-36 -114 -113 239 240 247 0
-36 -129 -128 239 240 248 0
-36 -145 -144 239 240 249 0
-36 -162 -161 239 240 250 0
-36 -180 -179 239 240 251 0
-36 -199 -198 239 240 252 0
-36 -219 -218 239 240 253 0
-44 -55 -53 239 241 242 0
-44 -65 -63 239 241 243 0
-44 -76 -74 239 241 244 0
-44 -88 -86 239 241 245 0
-44 -101 -99 239 241 246 0
-44 -115 -113 239 241 247 0
-44 -130 -128 239 241 248 0
-44 -146 -144 239 241 249 0
-44 -163 -161 239 241 250 0
-44 -181 -179 239 241 251 0
-44 -200 -198 239 241 252 0
-44 -220 -218 239 241 253 0
-53 -66 -63 239 242 243 0
-53 -77 -74 239 242 244 0
-53 -89 -86 239 242 245 0
-53 -102 -99 239 242 246 0
-53 -116 -113 239 242 247 0
-53 -131 -128 239 242 248 0
-53 -147 -144 239 242 249 0
-53 -164 -161 239 242 250 0
-53 -182 -179 239 242 251 0
-53 -201 -198 239 242 252 0
-53 -221 -218 239 242 253 0
-63 -78 -74 239 243 244 0
-63 -90 -86 239 243 245 0
-63 -103 -99 239 243 246 0
-63 -117 -113 239 243 247 0
-63 -132 -128 239 243 248 0
-63 -148 -144 239 243 249 0
-63 -165 -161 239 243 250 0
-63 -183 -179 239 243 251 0
-63 -202 -198 239 243 252 0
-63 -222 -218 239 243 253 0
-74 -91 -86 239 244 245 0
-74 -104 -99 239 244 246 0
-74 -118 -113 239 244 247 0
-74 -133 -128 239 244 248 0
-74 -149 -144 239 244 249 0
-74 -166 -161 239 244 250 0
-74 -184 -179 239 244 251 0
-74 -203 -198 239 244 252 0
-74 -223 -218 239 244 253 0
-86 -105 -99 239 245 246 0
-86 -119 -113 239 245 247 0
-86 -134 -128 239 245 248 0
-86 -150 -144 239 245 249 0
-86 -167 -161 239 245 250 0
-86 -185 -179 239 245 251 0
-86 -204 -198 239 245 252 0
-86 -224 -218 239 245 253 0
-99 -120 -113 239 246 247 0
-99 -135 -128 239 246 248 0
-99 -151 -144 239 246 249 0
-99 -168 -161 239 246 250 0
-99 -186 -179 239 246 251 0
-99 -205 -198 239 246 252 0
-99 -225 -218 239 246 253 0
-113 -136 -128 239 247 248 0
-113 -152 -144 239 247 249 0
-113 -169 -161 239 247 250 0
-113 -187 -179 239 247 251 0
-113 -206 -198 239 247 252 0
-113 -226 -218 239 247 253 0
-128 -153 -144 239 248 249 0
-128 -170 -161 239 248 250 0
-128 -188 -179 239 248 251 0
-128 -207 -198 239 248 252 0
-128 -227 -218 239 248 253 0
-144 -171 -161 239 249 250 0
-144 -189 -179 239 249 251 0
-144 -208 -198 239 249 252 0
-144 -228 -218 239 249 253 0
-161 -190 -179 239 250 251 0
-161 -209 -198 239 250 252 0
-161 -229 -218 239 250 253 0
-179 -210 -198 239 251 252 0
-179 -230 -218 239 251 253 0
-198 -231 -218 239 252 253 0
-45 -55 -54 240 241 242 0
-45 -65 -64 240 241 243 0
-45 -76 -75 240 241 244 0
-45 -88 -87 240 241 245 0
-45 -101 -100 240 241 246 0
-45 -115 -114 240 241 247 0
-45 -130 -129 240 241 248 0
-45 -146 -145 240 241 249 0
-45 -163 -162 240 241 250 0
-45 -181 -180 240 241 251 0
-45 -200 -199 240 241 252 0
-45 -220 -219 240 241 253 0
-54 -66 -64 240 242 243 0
-54 -77 -75 240 242 244 0
-54 -89 -87 240 242 245 0
-54 -102 -100 240 242 246 0
-54 -116 -114 240 242 247 0
-54 -131 -129 240 242 248 0
-54 -147 -145 240 242 249 0
-54 -164 -162 240 242 250 0
-54 -182 -180 240 242 251 0
-54 -201 -199 240 242 252 0
-54 -221 -219 240 242 253 0
-64 -78 -75 240 243 244 0
-64 -90 -87 240 243 245 0
-64 -103 -100 240 243 246 0
-64 -117 -114 240 243 247 0
-64 -132 -129 240 243 248 0
-64 -148 -145 240 243 249 0
-64 -165 -162 240 243 250 0
-64 -183 -180 240 243 251 0
-64 -202 -199 240 243 252 0
-64 -222 -219 240 243 253 0
-75 -91 -87 240 244 245 0
-75 -104 -100 240 244 246 0
-75 -118 -114 240 244 247 0
-75 -133 -129 240 244 248 0
-75 -149 -145 240 244 249 0
-75 -166 -162 240 244 250 0
-75 -184 -180 240 244 251 0
-75 -203 -199 240 244 252 0
-75 -223 -219 240 244 253 0
-87 -105 -100 240 245 246 0
-87 -119 -114 240 245 247 0
-87 -134 -129 240 245 248 0
-87 -150 -145 240 245 249 0
-87 -167 -162 240 245 250 0
-87 -185 -180 240 245 251 0
-87 -204 -199 240 245 252 0
-87 -224 -219 240 245 253 0
-100 -120 -114 240 246 247 0
-100 -135 -129 240 246 248 0
-100 -151 -145 240 246 249 0
-100 -168 -162 240 246 250 0
-100 -186 -180 240 246 251 0
-100 -205 -199 240 246 252 0
-100 -225 -219 240 246 253 0
-114 -136 -129 240 247 248 0
-114 -152 -145 240 247 249 0
-114 -169 -162 240 247 250 0
-114 -187 -180 240 247 251 0
-114 -206 -199 240 247 252 0
-114 -226 -219 240 247 253 0
-129 -153 -145 240 248 249 0
-129 -170 -162 240 248 250 0
-129 -188 -180 240 248 251 0
-129 -207 -199 240 248 252 0
-129 -227 -219 240 248 253 0
-145 -171 -162 240 249 250 0
-145 -189 -180 240 249 251 0
-145 -208 -199 240 249 252 0
-145 -228 -219 240 249 253 0
-162 -190 -180 240 250 251 0
-162 -209 -199 240 250 252 0
-162 -229 -219 240 250 253 0
-180 -210 -199 240 251 252 0
-180 -230 -219 240 251 253 0
-199 -231 -219 240 252 253 0
-55 -66 -65 241 242 243 0
-55 -77 -76 241 242 244 0
-55 -89 -88 241 242 245 0
-55 -102 -101 241 242 246 0
-55 -116 -115 241 242 247 0
-55 -131 -130 241 242 248 0
-55 -147 -146 241 242 249 0
-55 -164 -163 241 242 250 0
-55 -182 -181 241 242 251 0
-55 -201 -200 241 242 252 0
-55 -221 -220 241 242 253 0
-65 -78 -76 241 243 244 0
-65 -90 -88 241 243 245 0
-65 -103 -101 241 243 246 0
-65 -117 -115 241 243 247 0
-65 -132 -130 241 243 248 0
-65 -148 -146 241 243 249 0
-65 -165 -163 241 243 250 0
-65 -183 -181 241 243 251 0
-65 -202 -200 241 243 252 0
-65 -222 -220 241 243 253 0
-76 -91 -88 241 244 245 0
-76 -104 -101 241 244 246 0
-76 -118 -115 241 244 247 0
-76 -133 -130 241 244 248 0
-76 -149 -146 241 244 249 0
-76 -166 -163 241 244 250 0
-76 -184 -181 241 244 251 0
-76 -203 -200 241 244 252 0
-76 -223 -220 241 244 253 0
-88 -105 -101 241 245 246 0
-88 -119 -115 241 245 247 0
-88 -134 -130 241 245 248 0
-88 -150 -146 241 245 249 0
-88 -167 -163 241 245 250 0
-88 -185 -181 241 245 251 0
-88 -204 -200 241 245 252 0
-88 -224 -220 241 245 253 0
-101 -120 -115 241 246 247 0
-101 -135 -130 241 246 248 0
-101 -151 -146 241 246 249 0
-101 -168 -163 241 246 250 0
-101 -186 -181 241 246 251 0
-101 -205 -200 241 246 252 0
-101 -225 -220 241 246 253 0
-115 -136 -130 241 247 248 0
-115 -152 -146 241 247 249 0
-115 -169 -163 241 247 250 0
-115 -187 -181 241 247 251 0
-115 -206 -200 241 247 252 0
-115 -226 -220 241 247 253 0
-130 -153 -146 241 248 249 0
-130 -170 -163 241 248 250 0
-130 -188 -181 241 248 251 0
-130 -207 -200 241 248 252 0
-130 -227 -220 241 248 253 0
-146 -171 -163 241 249 250 0
-146 -189 -181 241 249 251 0
-146 -208 -200 241 249 252 0
-146 -228 -220 241 249 253 0
-163 -190 -181 241 250 251 0
-163 -209 -200 241 250 252 0
-163 -229 -220 241 250 253 0
-181 -210 -200 241 251 252 0
-181 -230 -220 241 251 253 0
-200 -231 -220 241 252 253 0
-66 -78 -77 242 243 244 0
-66 -90 -89 242 243 245 0
-66 -103 -102 242 243 246 0
-66 -117 -116 242 243 247 0
-66 -132 -131 242 243 248 0
-66 -148 -147 242 243 249 0
-66 -165 -164 242 243 250 0
-66 -183 -182 242 243 251 0
-66 -202 -201 242 243 252 0
-66 -222 -221 242 243 253 0
-77 -91 -89 242 244 245 0
-77 -104 -102 242 244 246 0
-77 -118 -116 242 244 247 0
-77 -133 -131 242 244 248 0
-77 -149 -147 242 244 249 0
-77 -166 -164 242 244 250 0
-77 -184 -182 242 244 251 0
-77 -203 -201 242 244 252 0
-77 -223 -221 242 244 253 0
-89 -105 -102 242 245 246 0
-89 -119 -116 242 245 247 0
-89 -134 -131 242 245 248 0
-89 -150 -147 242 245 249 0
-89 -167 -164 242 245 250 0
-89 -185 -182 242 245 251 0
-89 -204 -201 242 245 252 0
-89 -224 -221 242 245 253 0
-102 -120 -116 242 246 247 0
-102 -135 -131 242 246 248 0
-102 -151 -147 242 246 249 0
-102 -168 -164 242 246 250 0
-102 -186 -182 242 246 251 0
-102 -205 -201 242 246 252 0
-102 -225 -221 242 246 253 0
-116 -136 -131 242 247 248 0
-116 -152 -147 242 247 249 0
-116 -169 -164 242 247 250 0
-116 -187 -182 242 247 251 0
-116 -206 -201 242 247 252 0
-116 -226 -221 242 247 253 0
-131 -153 -147 242 248 249 0
-131 -170 -164 242 248 250 0
-131 -188 -182 242 248 251 0
-131 -207 -201 242 248 252 0
-131 -227 -221 242 248 253 0
-147 -171 -164 242 249 250 0
-147 -189 -182 242 249 251 0
-147 -208 -201 242 249 252 0
-147 -228 -221 242 249 253 0
-164 -190 -182 242 250 251 0
-164 -209 -201 242 250 252 0
-164 -229 -221 242 250 253 0
-182 -210 -201 242 251 252 0
-182 -230 -221 242 251 253 0
-201 -231 -221 242 252 253 0
-78 -91 -90 243 244 245 0
-78 -104 -103 243 244 246 0
-78 -118 -117 243 244 247 0
-78 -133 -132 243 244 248 0
-78 -149 -148 243 244 249 0
-78 -166 -165 243 244 250 0
-78 -184 -183 243 244 251 0
-78 -203 -202 243 244 252 0
-78 -223 -222 243 244 253 0
-90 -105 -103 243 245 246 0
-90 -119 -117 243 245 247 0
-90 -134 -132 243 245 248 0
-90 -150 -148 243 245 249 0
-90 -167 -165 243 245 250 0
-90 -185 -183 243 245 251 0
-90 -204 -202 243 245 252 0
-90 -224 -222 243 245 253 0
-103 -120 -117 243 246 247 0
-103 -135 -132 243 246 248 0
-103 -151 -148 243 246 249 0
-103 -168 -165 243 246 250 0
-103 -186 -183 243 246 251 0
-103 -205 -202 243 246 252 0
-103 -225 -222 243 246 253 0
-117 -136 -132 243 247 248 0
-117 -152 -148 243 247 249 0
-117 -169 -165 243 247 250 0
-117 -187 -183 243 247 251 0
-117 -206 -202 243 247 252 0
-117 -226 -222 243 247 253 0
-132 -153 -148 243 248 249 0
-132 -170 -165 243 248 250 0
-132 -188 -183 243 248 251 0
-132 -207 -202 243 248 252 0
-132 -227 -222 243 248 253 0
-148 -171 -165 243 249 250 0
-148 -189 -183 243 249 251 0
-148 -208 -202 243 249 252 0
-148 -228 -222 243 249 253 0
-165 -190 -183 243 250 251 0
-165 -209 -202 243 250 252 0
-165 -229 -222 243 250 253 0
-183 -210 -202 243 251 252 0
-183 -230 -222 243 251 253 0
-202 -231 -222 243 252 253 0
-91 -105 -104 244 245 246 0
-91 -119 -118 244 245 247 0
-91 -134 -133 244 245 248 0
-91 -150 -149 244 245 249 0
-91 -167 -166 244 245 250 0
-91 -185 -184 244 245 251 0
-91 -204 -203 244 245 252 0
-91 -224 -223 244 245 253 0
-104 -120 -118 244 246 247 0
-104 -135 -133 244 246 248 0
-104 -151 -149 244 246 249 0
-104 -168 -166 244 246 250 0
-104 -186 -184 244 246 251 0
-104 -205 -203 244 246 252 0
-104 -225 -223 244 246 253 0
-118 -136 -133 244 247 248 0
-118 -152 -149 244 247 249 0
-118 -169 -166 244 247 250 0
-118 -187 -184 244 247 251 0
-118 -206 -203 244 247 252 0
-118 -226 -223 244 247 253 0
-133 -153 -149 244 248 249 0
-133 -170 -166 244 248 250 0
-133 -188 -184 244 248 251 0
-133 -207 -203 244 248 252 0
-133 -227 -223 244 248 253 0
-149 -171 -166 244 249 250 0
-149 -189 -184 244 249 251 0
-149 -208 -203 244 249 252 0
-149 -228 -223 244 249 253 0
-166 -190 -184 244 250 251 0
-166 -209 -203 244 250 252 0
-166 -229 -223 244 250 253 0
-184 -210 -203 244 251 252 0
-184 -230 -223 244 251 253 0
-203 -231 -223 244 252 253 0
-105 -120 -119 245 246 247 0
-105 -135 -134 245 246 248 0
-105 -151 -150 245 246 249 0
-105 -168 -167 245 246 250 0
-105 -186 -185 245 246 251 0
-105 -205 -204 245 246 252 0
-105 -225 -224 245 246 253 0
-119 -136 -134 245 247 248 0
-119 -152 -150 245 247 249 0
-119 -169 -167 245 247 250 0
-119 -187 -185 245 247 251 0
-119 -206 -204 245 247 252 0
-119 -226 -224 245 247 253 0
-134 -153 -150 245 248 249 0
-134 -170 -167 245 248 250 0
-134 -188 -185 245 248 251 0
-134 -207 -204 245 248 252 0
-134 -227 -224 245 248 253 0
-150 -171 -167 245 249 250 0
-150 -189 -185 245 249 251 0
-150 -208 -204 245 249 252 0
-150 -228 -224 245 249 253 0
-167 -190 -185 245 250 251 0
-167 -209 -204 245 250 252 0
-167 -229 -224 245 250 253 0
-185 -210 -204 245 251 252 0
-185 -230 -224 245 251 253 0
-204 -231 -224 245 252 253 0
-120 -136 -135 246 247 248 0
-120 -152 -151 246 247 249 0
-120 -169 -168 246 247 250 0
-120 -187 -186 246 247 251 0
-120 -206 -205 246 247 252 0
-120 -226 -225 246 247 253 0
-135 -153 -151 246 248 249 0
-135 -170 -168 246 248 250 0
-135 -188 -186 246 248 251 0
-135 -207 -205 246 248 252 0
-135 -227 -225 246 248 253 0
-151 -171 -168 246 249 250 0
-151 -189 -186 246 249 251 0
-151 -208 -205 246 249 252 0
-151 -228 -225 246 249 253 0
-168 -190 -186 246 250 251 0
-168 -209 -205 246 250 252 0
-168 -229 -225 246 250 253 0
-186 -210 -205 246 251 252 0
-186 -230 -225 246 251 253 0
-205 -231 -225 246 252 253 0
-136 -153 -152 247 248 249 0
-136 -170 -169 247 248 250 0
-136 -188 -187 247 248 251 0
-136 -207 -206 247 248 252 0
-136 -227 -226 247 248 253 0
-152 -171 -169 247 249 250 0
-152 -189 -187 247 249 251 0
-152 -208 -206 247 249 252 0
-152 -228 -226 247 249 253 0
-169 -190 -187 247 250 251 0
-169 -209 -206 247 250 252 0
-169 -229 -226 247 250 253 0
-187 -210 -206 247 251 252 0
-187 -230 -226 247 251 253 0
-206 -231 -226 247 252 253 0
-153 -171 -170 248 249 250 0
-153 -189 -188 248 249 251 0
-153 -208 -207 248 249 252 0
-153 -228 -227 248 249 253 0
-170 -190 -188 248 250 251 0
-170 -209 -207 248 250 252 0
-170 -229 -227 248 250 253 0
-188 -210 -207 248 251 252 0
-188 -230 -227 248 251 253 0
-207 -231 -227 248 252 253 0
-171 -190 -189 249 250 251 0
-171 -209 -208 249 250 252 0
-171 -229 -228 249 250 253 0
-189 -210 -208 249 251 252 0
-189 -230 -228 249 251 253 0
-208 -231 -228 249 252 253 0
-190 -210 -209 250 251 252 0
-190 -230 -229 250 251 253 0
-209 -231 -229 250 252 253 0
-210 -231 -230 251 252 253 0
