p cnf 231 1540
-1 -211 -212 0
-2 -211 -213 0
-3 -212 -213 0
-4 -211 -214 0
-5 -212 -214 0
-6 -213 -214 0
-7 -211 -215 0
-8 -212 -215 0
-9 -213 -215 0
-10 -214 -215 0
-11 -211 -216 0
-12 -212 -216 0
-13 -213 -216 0
-14 -214 -216 0
-15 -215 -216 0
-16 -211 -217 0
-17 -212 -217 0
-18 -213 -217 0
-19 -214 -217 0
-20 -215 -217 0
-21 -216 -217 0
-22 -211 -218 0
-23 -212 -218 0
-24 -213 -218 0
-25 -214 -218 0
-26 -215 -218 0
-27 -216 -218 0
-28 -217 -218 0
-29 -211 -219 0
-30 -212 -219 0
-31 -213 -219 0
-32 -214 -219 0
-33 -215 -219 0
-34 -216 -219 0
-35 -217 -219 0
-36 -218 -219 0
-37 -211 -220 0
-38 -212 -220 0
-39 -213 -220 0
-40 -214 -220 0
-41 -215 -220 0
-42 -216 -220 0
-43 -217 -220 0
-44 -218 -220 0
-45 -219 -220 0
-46 -211 -221 0
-47 -212 -221 0
-48 -213 -221 0
-49 -214 -221 0
-50 -215 -221 0
-51 -216 -221 0
-52 -217 -221 0
-53 -218 -221 0
-54 -219 -221 0
-55 -220 -221 0
-56 -211 -222 0
-57 -212 -222 0
-58 -213 -222 0
-59 -214 -222 0
-60 -215 -222 0
-61 -216 -222 0
-62 -217 -222 0
-63 -218 -222 0
-64 -219 -222 0
-65 -220 -222 0
-66 -221 -222 0
-67 -211 -223 0
-68 -212 -223 0
-69 -213 -223 0
-70 -214 -223 0
-71 -215 -223 0
-72 -216 -223 0
-73 -217 -223 0
-74 -218 -223 0
-75 -219 -223 0
-76 -220 -223 0
-77 -221 -223 0
-78 -222 -223 0
-79 -211 -224 0
-80 -212 -224 0
-81 -213 -224 0
-82 -214 -224 0
-83 -215 -224 0
-84 -216 -224 0
-85 -217 -224 0
-86 -218 -224 0
-87 -219 -224 0
-88 -220 -224 0
-89 -221 -224 0
-90 -222 -224 0
-91 -223 -224 0
-92 -211 -225 0
-93 -212 -225 0
-94 -213 -225 0
-95 -214 -225 0
-96 -215 -225 0
-97 -216 -225 0
-98 -217 -225 0
-99 -218 -225 0
-100 -219 -225 0
-101 -220 -225 0
-102 -221 -225 0
-103 -222 -225 0
-104 -223 -225 0
-105 -224 -225 0
-106 -211 -226 0
-107 -212 -226 0
-108 -213 -226 0
-109 -214 -226 0
-110 -215 -226 0
-111 -216 -226 0
-112 -217 -226 0
-113 -218 -226 0
-114 -219 -226 0
-115 -220 -226 0
-116 -221 -226 0
-117 -222 -226 0
-118 -223 -226 0
-119 -224 -226 0
-120 -225 -226 0
-121 -211 -227 0
-122 -212 -227 0
-123 -213 -227 0
-124 -214 -227 0
-125 -215 -227 0
-126 -216 -227 0
-127 -217 -227 0
-128 -218 -227 0
-129 -219 -227 0
-130 -220 -227 0
-131 -221 -227 0
-132 -222 -227 0
-133 -223 -227 0
-134 -224 -227 0
-135 -225 -227 0
-136 -226 -227 0
-137 -211 -228 0
-138 -212 -228 0
-139 -213 -228 0
-140 -214 -228 0
-141 -215 -228 0
-142 -216 -228 0
-143 -217 -228 0
-144 -218 -228 0
-145 -219 -228 0
-146 -220 -228 0
-147 -221 -228 0
-148 -222 -228 0
-149 -223 -228 0
-150 -224 -228 0
-151 -225 -228 0
-152 -226 -228 0
-153 -227 -228 0
-154 -211 -229 0
-155 -212 -229 0
-156 -213 -229 0
-157 -214 -229 0
-158 -215 -229 0
-159 -216 -229 0
-160 -217 -229 0
-161 -218 -229 0
-162 -219 -229 0
-163 -220 -229 0
-164 -221 -229 0
-165 -222 -229 0
-166 -223 -229 0
-167 -224 -229 0
-168 -225 -229 0
-169 -226 -229 0
-170 -227 -229 0
-171 -228 -229 0
-172 -211 -230 0
-173 -212 -230 0
-174 -213 -230 0
-175 -214 -230 0
-176 -215 -230 0
-177 -216 -230 0
-178 -217 -230 0
-179 -218 -230 0
-180 -219 -230 0
-181 -220 -230 0
-182 -221 -230 0
-183 -222 -230 0
-184 -223 -230 0
-185 -224 -230 0
-186 -225 -230 0
-187 -226 -230 0
-188 -227 -230 0
-189 -228 -230 0
-190 -229 -230 0
-191 -211 -231 0
-192 -212 -231 0
-193 -213 -231 0
-194 -214 -231 0
-195 -215 -231 0
-196 -216 -231 0
-197 -217 -231 0
-198 -218 -231 0
-199 -219 -231 0
-200 -220 -231 0
-201 -221 -231 0
-202 -222 -231 0
-203 -223 -231 0
-204 -224 -231 0
-205 -225 -231 0
-206 -226 -231 0
-207 -227 -231 0
-208 -228 -231 0
-209 -229 -231 0
-210 -230 -231 0
-1 -3 -2 211 212 213 0
-1 -5 -4 211 212 214 0
-1 -8 -7 211 212 215 0
-1 -12 -11 211 212 216 0
-1 -17 -16 211 212 217 0
-1 -23 -22 211 212 218 0
-1 -30 -29 211 212 219 0
-1 -38 -37 211 212 220 0
-1 -47 -46 211 212 221 0
-1 -57 -56 211 212 222 0
-1 -68 -67 211 212 223 0
-1 -80 -79 211 212 224 0
-1 -93 -92 211 212 225 0
-1 -107 -106 211 212 226 0
-1 -122 -121 211 212 227 0
-1 -138 -137 211 212 228 0
-1 -155 -154 211 212 229 0
-1 -173 -172 211 212 230 0
-1 -192 -191 211 212 231 0
-2 -6 -4 211 213 214 0
-2 -9 -7 211 213 215 0
-2 -13 -11 211 213 216 0
-2 -18 -16 211 213 217 0
-2 -24 -22 211 213 218 0
-2 -31 -29 211 213 219 0
-2 -39 -37 211 213 220 0
-2 -48 -46 211 213 221 0
-2 -58 -56 211 213 222 0
-2 -69 -67 211 213 223 0
-2 -81 -79 211 213 224 0
-2 -94 -92 211 213 225 0
-2 -108 -106 211 213 226 0
-2 -123 -121 211 213 227 0
-2 -139 -137 211 213 228 0
-2 -156 -154 211 213 229 0
-2 -174 -172 211 213 230 0
-2 -193 -191 211 213 231 0
-4 -10 -7 211 214 215 0
-4 -14 -11 211 214 216 0
-4 -19 -16 211 214 217 0
-4 -25 -22 211 214 218 0
-4 -32 -29 211 214 219 0
-4 -40 -37 211 214 220 0
-4 -49 -46 211 214 221 0
-4 -59 -56 211 214 222 0
-4 -70 -67 211 214 223 0
-4 -82 -79 211 214 224 0
-4 -95 -92 211 214 225 0
-4 -109 -106 211 214 226 0
-4 -124 -121 211 214 227 0
-4 -140 -137 211 214 228 0
-4 -157 -154 211 214 229 0
-4 -175 -172 211 214 230 0
-4 -194 -191 211 214 231 0
-7 -15 -11 211 215 216 0
-7 -20 -16 211 215 217 0
-7 -26 -22 211 215 218 0
-7 -33 -29 211 215 219 0
-7 -41 -37 211 215 220 0
-7 -50 -46 211 215 221 0
-7 -60 -56 211 215 222 0
-7 -71 -67 211 215 223 0
-7 -83 -79 211 215 224 0
-7 -96 -92 211 215 225 0
-7 -110 -106 211 215 226 0
-7 -125 -121 211 215 227 0
-7 -141 -137 211 215 228 0
-7 -158 -154 211 215 229 0
-7 -176 -172 211 215 230 0
-7 -195 -191 211 215 231 0
-11 -21 -16 211 216 217 0
-11 -27 -22 211 216 218 0
-11 -34 -29 211 216 219 0
-11 -42 -37 211 216 220 0
-11 -51 -46 211 216 221 0
-11 -61 -56 211 216 222 0
-11 -72 -67 211 216 223 0
-11 -84 -79 211 216 224 0
-11 -97 -92 211 216 225 0
-11 -111 -106 211 216 226 0
-11 -126 -121 211 216 227 0
-11 -142 -137 211 216 228 0
-11 -159 -154 211 216 229 0
-11 -177 -172 211 216 230 0
-11 -196 -191 211 216 231 0
-16 -28 -22 211 217 218 0
-16 -35 -29 211 217 219 0
-16 -43 -37 211 217 220 0
-16 -52 -46 211 217 221 0
-16 -62 -56 211 217 222 0
-16 -73 -67 211 217 223 0
-16 -85 -79 211 217 224 0
-16 -98 -92 211 217 225 0
-16 -112 -106 211 217 226 0
-16 -127 -121 211 217 227 0
-16 -143 -137 211 217 228 0
-16 -160 -154 211 217 229 0
-16 -178 -172 211 217 230 0
-16 -197 -191 211 217 231 0
-22 -36 -29 211 218 219 0
-22 -44 -37 211 218 220 0
-22 -53 -46 211 218 221 0
-22 -63 -56 211 218 222 0
-22 -74 -67 211 218 223 0
-22 -86 -79 211 218 224 0
-22 -99 -92 211 218 225 0
-22 -113 -106 211 218 226 0
-22 -128 -121 211 218 227 0
-22 -144 -137 211 218 228 0
-22 -161 -154 211 218 229 0
-22 -179 -172 211 218 230 0
-22 -198 -191 211 218 231 0
-29 -45 -37 211 219 220 0
-29 -54 -46 211 219 221 0
-29 -64 -56 211 219 222 0
-29 -75 -67 211 219 223 0
-29 -87 -79 211 219 224 0
-29 -100 -92 211 219 225 0
-29 -114 -106 211 219 226 0
-29 -129 -121 211 219 227 0
-29 -145 -137 211 219 228 0
-29 -162 -154 211 219 229 0
-29 -180 -172 211 219 230 0
-29 -199 -191 211 219 231 0
-37 -55 -46 211 220 221 0
-37 -65 -56 211 220 222 0
-37 -76 -67 211 220 223 0
-37 -88 -79 211 220 224 0
-37 -101 -92 211 220 225 0
-37 -115 -106 211 220 226 0
-37 -130 -121 211 220 227 0
-37 -146 -137 211 220 228 0
-37 -163 -154 211 220 229 0
-37 -181 -172 211 220 230 0
-37 -200 -191 211 220 231 0
-46 -66 -56 211 221 222 0
-46 -77 -67 211 221 223 0
-46 -89 -79 211 221 224 0
-46 -102 -92 211 221 225 0
-46 -116 -106 211 221 226 0
-46 -131 -121 211 221 227 0
-46 -147 -137 211 221 228 0
-46 -164 -154 211 221 229 0
-46 -182 -172 211 221 230 0
-46 -201 -191 211 221 231 0
-56 -78 -67 211 222 223 0
-56 -90 -79 211 222 224 0
-56 -103 -92 211 222 225 0
-56 -117 -106 211 222 226 0
-56 -132 -121 211 222 227 0
-56 -148 -137 211 222 228 0
-56 -165 -154 211 222 229 0
-56 -183 -172 211 222 230 0
-56 -202 -191 211 222 231 0
-67 -91 -79 211 223 224 0
-67 -104 -92 211 223 225 0
-67 -118 -106 211 223 226 0
-67 -133 -121 211 223 227 0
-67 -149 -137 211 223 228 0
-67 -166 -154 211 223 229 0
-67 -184 -172 211 223 230 0
-67 -203 -191 211 223 231 0
-79 -105 -92 211 224 225 0
-79 -119 -106 211 224 226 0
-79 -134 -121 211 224 227 0
-79 -150 -137 211 224 228 0
-79 -167 -154 211 224 229 0
-79 -185 -172 211 224 230 0
-79 -204 -191 211 224 231 0
-92 -120 -106 211 225 226 0
-92 -135 -121 211 225 227 0
-92 -151 -137 211 225 228 0
-92 -168 -154 211 225 229 0
-92 -186 -172 211 225 230 0
-92 -205 -191 211 225 231 0
-106 -136 -121 211 226 227 0
-106 -152 -137 211 226 228 0
-106 -169 -154 211 226 229 0
-106 -187 -172 211 226 230 0
-106 -206 -191 211 226 231 0
-121 -153 -137 211 227 228 0
-121 -170 -154 211 227 229 0
-121 -188 -172 211 227 230 0
-121 -207 -191 211 227 231 0
-137 -171 -154 211 228 229 0
-137 -189 -172 211 228 230 0
-137 -208 -191 211 228 231 0
-154 -190 -172 211 229 230 0
-154 -209 -191 211 229 231 0
-172 -210 -191 211 230 231 0
-3 -6 -5 212 213 214 0
-3 -9 -8 212 213 215 0
-3 -13 -12 212 213 216 0
-3 -18 -17 212 213 217 0
-3 -24 -23 212 213 218 0
-3 -31 -30 212 213 219 0
-3 -39 -38 212 213 220 0
-3 -48 -47 212 213 221 0
-3 -58 -57 212 213 222 0
-3 -69 -68 212 213 223 0
-3 -81 -80 212 213 224 0
-3 -94 -93 212 213 225 0
-3 -108 -107 212 213 226 0
-3 -123 -122 212 213 227 0
-3 -139 -138 212 213 228 0
-3 -156 -155 212 213 229 0
-3 -174 -173 212 213 230 0
-3 -193 -192 212 213 231 0
-5 -10 -8 212 214 215 0
-5 -14 -12 212 214 216 0
-5 -19 -17 212 214 217 0
-5 -25 -23 212 214 218 0
-5 -32 -30 212 214 219 0
-5 -40 -38 212 214 220 0
-5 -49 -47 212 214 221 0
-5 -59 -57 212 214 222 0
-5 -70 -68 212 214 223 0
-5 -82 -80 212 214 224 0
-5 -95 -93 212 214 225 0
-5 -109 -107 212 214 226 0
-5 -124 -122 212 214 227 0
-5 -140 -138 212 214 228 0
-5 -157 -155 212 214 229 0
-5 -175 -173 212 214 230 0
-5 -194 -192 212 214 231 0
-8 -15 -12 212 215 216 0
-8 -20 -17 212 215 217 0
-8 -26 -23 212 215 218 0
-8 -33 -30 212 215 219 0
-8 -41 -38 212 215 220 0
-8 -50 -47 212 215 221 0
-8 -60 -57 212 215 222 0
-8 -71 -68 212 215 223 0
-8 -83 -80 212 215 224 0
-8 -96 -93 212 215 225 0
-8 -110 -107 212 215 226 0
-8 -125 -122 212 215 227 0
-8 -141 -138 212 215 228 0
-8 -158 -155 212 215 229 0
-8 -176 -173 212 215 230 0
-8 -195 -192 212 215 231 0
-12 -21 -17 212 216 217 0
-12 -27 -23 212 216 218 0
-12 -34 -30 212 216 219 0
-12 -42 -38 212 216 220 0
-12 -51 -47 212 216 221 0
-12 -61 -57 212 216 222 0
-12 -72 -68 212 216 223 0
-12 -84 -80 212 216 224 0
-12 -97 -93 212 216 225 0
-12 -111 -107 212 216 226 0
-12 -126 -122 212 216 227 0
-12 -142 -138 212 216 228 0
-12 -159 -155 212 216 229 0
-12 -177 -173 212 216 230 0
-12 -196 -192 212 216 231 0
-17 -28 -23 212 217 218 0
-17 -35 -30 212 217 219 0
-17 -43 -38 212 217 220 0
-17 -52 -47 212 217 221 0
-17 -62 -57 212 217 222 0
-17 -73 -68 212 217 223 0
-17 -85 -80 212 217 224 0
-17 -98 -93 212 217 225 0
-17 -112 -107 212 217 226 0
-17 -127 -122 212 217 227 0
-17 -143 -138 212 217 228 0
-17 -160 -155 212 217 229 0
-17 -178 -173 212 217 230 0
-17 -197 -192 212 217 231 0
-23 -36 -30 212 218 219 0
-23 -44 -38 212 218 220 0
-23 -53 -47 212 218 221 0
-23 -63 -57 212 218 222 0
-23 -74 -68 212 218 223 0
-23 -86 -80 212 218 224 0
-23 -99 -93 212 218 225 0
-23 -113 -107 212 218 226 0
-23 -128 -122 212 218 227 0
-23 -144 -138 212 218 228 0
-23 -161 -155 212 218 229 0
-23 -179 -173 212 218 230 0
-23 -198 -192 212 218 231 0
-30 -45 -38 212 219 220 0
-30 -54 -47 212 219 221 0
-30 -64 -57 212 219 222 0
-30 -75 -68 212 219 223 0
-30 -87 -80 212 219 224 0
-30 -100 -93 212 219 225 0
-30 -114 -107 212 219 226 0
-30 -129 -122 212 219 227 0
-30 -145 -138 212 219 228 0
-30 -162 -155 212 219 229 0
-30 -180 -173 212 219 230 0
-30 -199 -192 212 219 231 0
-38 -55 -47 212 220 221 0
-38 -65 -57 212 220 222 0
-38 -76 -68 212 220 223 0
-38 -88 -80 212 220 224 0
-38 -101 -93 212 220 225 0
-38 -115 -107 212 220 226 0
-38 -130 -122 212 220 227 0
-38 -146 -138 212 220 228 0
-38 -163 -155 212 220 229 0
-38 -181 -173 212 220 230 0
-38 -200 -192 212 220 231 0
-47 -66 -57 212 221 222 0
-47 -77 -68 212 221 223 0
-47 -89 -80 212 221 224 0
-47 -102 -93 212 221 225 0
-47 -116 -107 212 221 226 0
-47 -131 -122 212 221 227 0
-47 -147 -138 212 221 228 0
-47 -164 -155 212 221 229 0
-47 -182 -173 212 221 230 0
-47 -201 -192 212 221 231 0
-57 -78 -68 212 222 223 0
-57 -90 -80 212 222 224 0
-57 -103 -93 212 222 225 0
-57 -117 -107 212 222 226 0
-57 -132 -122 212 222 227 0
-57 -148 -138 212 222 228 0
-57 -165 -155 212 222 229 0
-57 -183 -173 212 222 230 0
-57 -202 -192 212 222 231 0
-68 -91 -80 212 223 224 0
-68 -104 -93 212 223 225 0
-68 -118 -107 212 223 226 0
-68 -133 -122 212 223 227 0
-68 -149 -138 212 223 228 0
-68 -166 -155 212 223 229 0
-68 -184 -173 212 223 230 0
-68 -203 -192 212 223 231 0
-80 -105 -93 212 224 225 0
-80 -119 -107 212 224 226 0
-80 -134 -122 212 224 227 0
-80 -150 -138 212 224 228 0
-80 -167 -155 212 224 229 0
-80 -185 -173 212 224 230 0
-80 -204 -192 212 224 231 0
-93 -120 -107 212 225 226 0
-93 -135 -122 212 225 227 0
-93 -151 -138 212 225 228 0
-93 -168 -155 212 225 229 0
-93 -186 -173 212 225 230 0
-93 -205 -192 212 225 231 0
-107 -136 -122 212 226 227 0
-107 -152 -138 212 226 228 0
-107 -169 -155 212 226 229 0
-107 -187 -173 212 226 230 0
-107 -206 -192 212 226 231 0
-122 -153 -138 212 227 228 0
-122 -170 -155 212 227 229 0
-122 -188 -173 212 227 230 0
-122 -207 -192 212 227 231 0
-138 -171 -155 212 228 229 0
-138 -189 -173 212 228 230 0
-138 -208 -192 212 228 231 0
-155 -190 -173 212 229 230 0
-155 -209 -192 212 229 231 0
-173 -210 -192 212 230 231 0
-6 -10 -9 213 214 215 0
-6 -14 -13 213 214 216 0
-6 -19 -18 213 214 217 0
-6 -25 -24 213 214 218 0
-6 -32 -31 213 214 219 0
-6 -40 -39 213 214 220 0
-6 -49 -48 213 214 221 0
-6 -59 -58 213 214 222 0
-6 -70 -69 213 214 223 0
-6 -82 -81 213 214 224 0
-6 -95 -94 213 214 225 0
-6 -109 -108 213 214 226 0
-6 -124 -123 213 214 227 0
-6 -140 -139 213 214 228 0
-6 -157 -156 213 214 229 0
-6 -175 -174 213 214 230 0
-6 -194 -193 213 214 231 0
-9 -15 -13 213 215 216 0
-9 -20 -18 213 215 217 0
-9 -26 -24 213 215 218 0
-9 -33 -31 213 215 219 0
-9 -41 -39 213 215 220 0
-9 -50 -48 213 215 221 0
-9 -60 -58 213 215 222 0
-9 -71 -69 213 215 223 0
-9 -83 -81 213 215 224 0
-9 -96 -94 213 215 225 0
-9 -110 -108 213 215 226 0
-9 -125 -123 213 215 227 0
-9 -141 -139 213 215 228 0
-9 -158 -156 213 215 229 0
-9 -176 -174 213 215 230 0
-9 -195 -193 213 215 231 0
-13 -21 -18 213 216 217 0
-13 -27 -24 213 216 218 0
-13 -34 -31 213 216 219 0
-13 -42 -39 213 216 220 0
-13 -51 -48 213 216 221 0
-13 -61 -58 213 216 222 0
-13 -72 -69 213 216 223 0
-13 -84 -81 213 216 224 0
-13 -97 -94 213 216 225 0
-13 -111 -108 213 216 226 0
-13 -126 -123 213 216 227 0
-13 -142 -139 213 216 228 0
-13 -159 -156 213 216 229 0
-13 -177 -174 213 216 230 0
-13 -196 -193 213 216 231 0
-18 -28 -24 213 217 218 0
-18 -35 -31 213 217 219 0
-18 -43 -39 213 217 220 0
-18 -52 -48 213 217 221 0
-18 -62 -58 213 217 222 0
-18 -73 -69 213 217 223 0
-18 -85 -81 213 217 224 0
-18 -98 -94 213 217 225 0
-18 -112 -108 213 217 226 0
-18 -127 -123 213 217 227 0
-18 -143 -139 213 217 228 0
-18 -160 -156 213 217 229 0
-18 -178 -174 213 217 230 0
-18 -197 -193 213 217 231 0
-24 -36 -31 213 218 219 0
-24 -44 -39 213 218 220 0
-24 -53 -48 213 218 221 0
-24 -63 -58 213 218 222 0
-24 -74 -69 213 218 223 0
-24 -86 -81 213 218 224 0
-24 -99 -94 213 218 225 0
-24 -113 -108 213 218 226 0
-24 -128 -123 213 218 227 0
-24 -144 -139 213 218 228 0
-24 -161 -156 213 218 229 0
-24 -179 -174 213 218 230 0
-24 -198 -193 213 218 231 0
-31 -45 -39 213 219 220 0
-31 -54 -48 213 219 221 0
-31 -64 -58 213 219 222 0
-31 -75 -69 213 219 223 0
-31 -87 -81 213 219 224 0
-31 -100 -94 213 219 225 0
-31 -114 -108 213 219 226 0
-31 -129 -123 213 219 227 0
-31 -145 -139 213 219 228 0
-31 -162 -156 213 219 229 0
-31 -180 -174 213 219 230 0
-31 -199 -193 213 219 231 0
-39 -55 -48 213 220 221 0
-39 -65 -58 213 220 222 0
-39 -76 -69 213 220 223 0
-39 -88 -81 213 220 224 0
-39 -101 -94 213 220 225 0
-39 -115 -108 213 220 226 0
-39 -130 -123 213 220 227 0
-39 -146 -139 213 220 228 0
-39 -163 -156 213 220 229 0
-39 -181 -174 213 220 230 0
-39 -200 -193 213 220 231 0
-48 -66 -58 213 221 222 0
-48 -77 -69 213 221 223 0
-48 -89 -81 213 221 224 0
-48 -102 -94 213 221 225 0
-48 -116 -108 213 221 226 0
-48 -131 -123 213 221 227 0
-48 -147 -139 213 221 228 0
-48 -164 -156 213 221 229 0
-48 -182 -174 213 221 230 0
-48 -201 -193 213 221 231 0
-58 -78 -69 213 222 223 0
-58 -90 -81 213 222 224 0
-58 -103 -94 213 222 225 0
-58 -117 -108 213 222 226 0
-58 -132 -123 213 222 227 0
-58 -148 -139 213 222 228 0
-58 -165 -156 213 222 229 0
-58 -183 -174 213 222 230 0
-58 -202 -193 213 222 231 0
-69 -91 -81 213 223 224 0
-69 -104 -94 213 223 225 0
-69 -118 -108 213 223 226 0
-69 -133 -123 213 223 227 0
-69 -149 -139 213 223 228 0
-69 -166 -156 213 223 229 0
-69 -184 -174 213 223 230 0
-69 -203 -193 213 223 231 0
-81 -105 -94 213 224 225 0
-81 -119 -108 213 224 226 0
-81 -134 -123 213 224 227 0
-81 -150 -139 213 224 228 0
-81 -167 -156 213 224 229 0
-81 -185 -174 213 224 230 0
-81 -204 -193 213 224 231 0
-94 -120 -108 213 225 226 0
-94 -135 -123 213 225 227 0
-94 -151 -139 213 225 228 0
-94 -168 -156 213 225 229 0
-94 -186 -174 213 225 230 0
-94 -205 -193 213 225 231 0
-108 -136 -123 213 226 227 0
-108 -152 -139 213 226 228 0
-108 -169 -156 213 226 229 0
-108 -187 -174 213 226 230 0
-108 -206 -193 213 226 231 0
-123 -153 -139 213 227 228 0
-123 -170 -156 213 227 229 0
-123 -188 -174 213 227 230 0
-123 -207 -193 213 227 231 0
-139 -171 -156 213 228 229 0
-139 -189 -174 213 228 230 0
-139 -208 -193 213 228 231 0
-156 -190 -174 213 229 230 0
-156 -209 -193 213 229 231 0
-174 -210 -193 213 230 231 0
-10 -15 -14 214 215 216 0
-10 -20 -19 214 215 217 0
-10 -26 -25 214 215 218 0
-10 -33 -32 214 215 219 0
-10 -41 -40 214 215 220 0
-10 -50 -49 214 215 221 0
-10 -60 -59 214 215 222 0
-10 -71 -70 214 215 223 0
-10 -83 -82 214 215 224 0
-10 -96 -95 214 215 225 0
-10 -110 -109 214 215 226 0
-10 -125 -124 214 215 227 0
-10 -141 -140 214 215 228 0
-10 -158 -157 214 215 229 0
-10 -176 -175 214 215 230 0
-10 -195 -194 214 215 231 0
-14 -21 -19 214 216 217 0
-14 -27 -25 214 216 218 0
-14 -34 -32 214 216 219 0
-14 -42 -40 214 216 220 0
-14 -51 -49 214 216 221 0
-14 -61 -59 214 216 222 0
-14 -72 -70 214 216 223 0
-14 -84 -82 214 216 224 0
-14 -97 -95 214 216 225 0
-14 -111 -109 214 216 226 0
-14 -126 -124 214 216 227 0
-14 -142 -140 214 216 228 0
-14 -159 -157 214 216 229 0
-14 -177 -175 214 216 230 0
-14 -196 -194 214 216 231 0
-19 -28 -25 214 217 218 0
-19 -35 -32 214 217 219 0
-19 -43 -40 214 217 220 0
-19 -52 -49 214 217 221 0
-19 -62 -59 214 217 222 0
-19 -73 -70 214 217 223 0
-19 -85 -82 214 217 224 0
-19 -98 -95 214 217 225 0
-19 -112 -109 214 217 226 0
-19 -127 -124 214 217 227 0
-19 -143 -140 214 217 228 0
-19 -160 -157 214 217 229 0
-19 -178 -175 214 217 230 0
-19 -197 -194 214 217 231 0
-25 -36 -32 214 218 219 0
-25 -44 -40 214 218 220 0
-25 -53 -49 214 218 221 0
-25 -63 -59 214 218 222 0
-25 -74 -70 214 218 223 0
-25 -86 -82 214 218 224 0
-25 -99 -95 214 218 225 0
-25 -113 -109 214 218 226 0
-25 -128 -124 214 218 227 0
-25 -144 -140 214 218 228 0
-25 -161 -157 214 218 229 0
-25 -179 -175 214 218 230 0
-25 -198 -194 214 218 231 0
-32 -45 -40 214 219 220 0
-32 -54 -49 214 219 221 0
-32 -64 -59 214 219 222 0
-32 -75 -70 214 219 223 0
-32 -87 -82 214 219 224 0
-32 -100 -95 214 219 225 0
-32 -114 -109 214 219 226 0
-32 -129 -124 214 219 227 0
-32 -145 -140 214 219 228 0
-32 -162 -157 214 219 229 0
-32 -180 -175 214 219 230 0
-32 -199 -194 214 219 231 0
-40 -55 -49 214 220 221 0
-40 -65 -59 214 220 222 0
-40 -76 -70 214 220 223 0
-40 -88 -82 214 220 224 0
-40 -101 -95 214 220 225 0
-40 -115 -109 214 220 226 0
-40 -130 -124 214 220 227 0
-40 -146 -140 214 220 228 0
-40 -163 -157 214 220 229 0
-40 -181 -175 214 220 230 0
-40 -200 -194 214 220 231 0
-49 -66 -59 214 221 222 0
-49 -77 -70 214 221 223 0
-49 -89 -82 214 221 224 0
-49 -102 -95 214 221 225 0
-49 -116 -109 214 221 226 0
-49 -131 -124 214 221 227 0
-49 -147 -140 214 221 228 0
-49 -164 -157 214 221 229 0
-49 -182 -175 214 221 230 0
-49 -201 -194 214 221 231 0
-59 -78 -70 214 222 223 0
-59 -90 -82 214 222 224 0
-59 -103 -95 214 222 225 0
-59 -117 -109 214 222 226 0
-59 -132 -124 214 222 227 0
-59 -148 -140 214 222 228 0
-59 -165 -157 214 222 229 0
-59 -183 -175 214 222 230 0
-59 -202 -194 214 222 231 0
-70 -91 -82 214 223 224 0
-70 -104 -95 214 223 225 0
-70 -118 -109 214 223 226 0
-70 -133 -124 214 223 227 0
-70 -149 -140 214 223 228 0
-70 -166 -157 214 223 229 0
-70 -184 -175 214 223 230 0
-70 -203 -194 214 223 231 0
-82 -105 -95 214 224 225 0
-82 -119 -109 214 224 226 0
-82 -134 -124 214 224 227 0
-82 -150 -140 214 224 228 0
-82 -167 -157 214 224 229 0
-82 -185 -175 214 224 230 0
-82 -204 -194 214 224 231 0
-95 -120 -109 214 225 226 0
-95 -135 -124 214 225 227 0
-95 -151 -140 214 225 228 0
-95 -168 -157 214 225 229 0
-95 -186 -175 214 225 230 0
-95 -205 -194 214 225 231 0
-109 -136 -124 214 226 227 0
-109 -152 -140 214 226 228 0
-109 -169 -157 214 226 229 0
-109 -187 -175 214 226 230 0
-109 -206 -194 214 226 231 0
-124 -153 -140 214 227 228 0
-124 -170 -157 214 227 229 0
-124 -188 -175 214 227 230 0
-124 -207 -194 214 227 231 0
-140 -171 -157 214 228 229 0
-140 -189 -175 214 228 230 0
-140 -208 -194 214 228 231 0
-157 -190 -175 214 229 230 0
-157 -209 -194 214 229 231 0
-175 -210 -194 214 230 231 0
-15 -21 -20 215 216 217 0
-15 -27 -26 215 216 218 0
-15 -34 -33 215 216 219 0
-15 -42 -41 215 216 220 0
-15 -51 -50 215 216 221 0
-15 -61 -60 215 216 222 0
-15 -72 -71 215 216 223 0
-15 -84 -83 215 216 224 0
-15 -97 -96 215 216 225 0
-15 -111 -110 215 216 226 0
-15 -126 -125 215 216 227 0
-15 -142 -141 215 216 228 0
-15 -159 -158 215 216 229 0
-15 -177 -176 215 216 230 0
-15 -196 -195 215 216 231 0
-20 -28 -26 215 217 218 0
-20 -35 -33 215 217 219 0
-20 -43 -41 215 217 220 0
-20 -52 -50 215 217 221 0
-20 -62 -60 215 217 222 0
-20 -73 -71 215 217 223 0
-20 -85 -83 215 217 224 0
-20 -98 -96 215 217 225 0
-20 -112 -110 215 217 226 0
-20 -127 -125 215 217 227 0
-20 -143 -141 215 217 228 0
-20 -160 -158 215 217 229 0
-20 -178 -176 215 217 230 0
-20 -197 -195 215 217 231 0
-26 -36 -33 215 218 219 0
-26 -44 -41 215 218 220 0
-26 -53 -50 215 218 221 0
-26 -63 -60 215 218 222 0
-26 -74 -71 215 218 223 0
-26 -86 -83 215 218 224 0
-26 -99 -96 215 218 225 0
-26 -113 -110 215 218 226 0
-26 -128 -125 215 218 227 0
-26 -144 -141 215 218 228 0
-26 -161 -158 215 218 229 0
-26 -179 -176 215 218 230 0
-26 -198 -195 215 218 231 0
-33 -45 -41 215 219 220 0
-33 -54 -50 215 219 221 0
-33 -64 -60 215 219 222 0
-33 -75 -71 215 219 223 0
-33 -87 -83 215 219 224 0
-33 -100 -96 215 219 225 0
-33 -114 -110 215 219 226 0
-33 -129 -125 215 219 227 0
-33 -145 -141 215 219 228 0
-33 -162 -158 215 219 229 0
-33 -180 -176 215 219 230 0
-33 -199 -195 215 219 231 0
-41 -55 -50 215 220 221 0
-41 -65 -60 215 220 222 0
-41 -76 -71 215 220 223 0
-41 -88 -83 215 220 224 0
-41 -101 -96 215 220 225 0
-41 -115 -110 215 220 226 0
-41 -130 -125 215 220 227 0
-41 -146 -141 215 220 228 0
-41 -163 -158 215 220 229 0
-41 -181 -176 215 220 230 0
-41 -200 -195 215 220 231 0
-50 -66 -60 215 221 222 0
-50 -77 -71 215 221 223 0
-50 -89 -83 215 221 224 0
-50 -102 -96 215 221 225 0
-50 -116 -110 215 221 226 0
-50 -131 -125 215 221 227 0
-50 -147 -141 215 221 228 0
-50 -164 -158 215 221 229 0
-50 -182 -176 215 221 230 0
-50 -201 -195 215 221 231 0
-60 -78 -71 215 222 223 0
-60 -90 -83 215 222 224 0
-60 -103 -96 215 222 225 0
-60 -117 -110 215 222 226 0
-60 -132 -125 215 222 227 0
-60 -148 -141 215 222 228 0
-60 -165 -158 215 222 229 0
-60 -183 -176 215 222 230 0
-60 -202 -195 215 222 231 0
-71 -91 -83 215 223 224 0
-71 -104 -96 215 223 225 0
-71 -118 -110 215 223 226 0
-71 -133 -125 215 223 227 0
-71 -149 -141 215 223 228 0
-71 -166 -158 215 223 229 0
-71 -184 -176 215 223 230 0
-71 -203 -195 215 223 231 0
-83 -105 -96 215 224 225 0
-83 -119 -110 215 224 226 0
-83 -134 -125 215 224 227 0
-83 -150 -141 215 224 228 0
-83 -167 -158 215 224 229 0
-83 -185 -176 215 224 230 0
-83 -204 -195 215 224 231 0
-96 -120 -110 215 225 226 0
-96 -135 -125 215 225 227 0
-96 -151 -141 215 225 228 0
-96 -168 -158 215 225 229 0
-96 -186 -176 215 225 230 0
-96 -205 -195 215 225 231 0
-110 -136 -125 215 226 227 0
-110 -152 -141 215 226 228 0
-110 -169 -158 215 226 229 0
-110 -187 -176 215 226 230 0
-110 -206 -195 215 226 231 0
-125 -153 -141 215 227 228 0
-125 -170 -158 215 227 229 0
-125 -188 -176 215 227 230 0
-125 -207 -195 215 227 231 0
-141 -171 -158 215 228 229 0
-141 -189 -176 215 228 230 0
-141 -208 -195 215 228 231 0
-158 -190 -176 215 229 230 0
-158 -209 -195 215 229 231 0
-176 -210 -195 215 230 231 0
-21 -28 -27 216 217 218 0
-21 -35 -34 216 217 219 0
-21 -43 -42 216 217 220 0
-21 -52 -51 216 217 221 0
-21 -62 -61 216 217 222 0
-21 -73 -72 216 217 223 0
-21 -85 -84 216 217 224 0
-21 -98 -97 216 217 225 0
-21 -112 -111 216 217 226 0
-21 -127 -126 216 217 227 0
-21 -143 -142 216 217 228 0
-21 -160 -159 216 217 229 0
-21 -178 -177 216 217 230 0
-21 -197 -196 216 217 231 0
-27 -36 -34 216 218 219 0
-27 -44 -42 216 218 220 0
-27 -53 -51 216 218 221 0
-27 -63 -61 216 218 222 0
-27 -74 -72 216 218 223 0
-27 -86 -84 216 218 224 0
-27 -99 -97 216 218 225 0
-27 -113 -111 216 218 226 0
-27 -128 -126 216 218 227 0
-27 -144 -142 216 218 228 0
-27 -161 -159 216 218 229 0
-27 -179 -177 216 218 230 0
-27 -198 -196 216 218 231 0
-34 -45 -42 216 219 220 0
-34 -54 -51 216 219 221 0
-34 -64 -61 216 219 222 0
-34 -75 -72 216 219 223 0
-34 -87 -84 216 219 224 0
-34 -100 -97 216 219 225 0
-34 -114 -111 216 219 226 0
-34 -129 -126 216 219 227 0
-34 -145 -142 216 219 228 0
-34 -162 -159 216 219 229 0
-34 -180 -177 216 219 230 0
-34 -199 -196 216 219 231 0
-42 -55 -51 216 220 221 0
-42 -65 -61 216 220 222 0
-42 -76 -72 216 220 223 0
-42 -88 -84 216 220 224 0
-42 -101 -97 216 220 225 0
-42 -115 -111 216 220 226 0
-42 -130 -126 216 220 227 0
-42 -146 -142 216 220 228 0
-42 -163 -159 216 220 229 0
-42 -181 -177 216 220 230 0
-42 -200 -196 216 220 231 0
-51 -66 -61 216 221 222 0
-51 -77 -72 216 221 223 0
-51 -89 -84 216 221 224 0
-51 -102 -97 216 221 225 0
-51 -116 -111 216 221 226 0
-51 -131 -126 216 221 227 0
-51 -147 -142 216 221 228 0
-51 -164 -159 216 221 229 0
-51 -182 -177 216 221 230 0
-51 -201 -196 216 221 231 0
-61 -78 -72 216 222 223 0
-61 -90 -84 216 222 224 0
-61 -103 -97 216 222 225 0
-61 -117 -111 216 222 226 0
-61 -132 -126 216 222 227 0
-61 -148 -142 216 222 228 0
-61 -165 -159 216 222 229 0
-61 -183 -177 216 222 230 0
-61 -202 -196 216 222 231 0
-72 -91 -84 216 223 224 0
-72 -104 -97 216 223 225 0
-72 -118 -111 216 223 226 0
-72 -133 -126 216 223 227 0
-72 -149 -142 216 223 228 0
-72 -166 -159 216 223 229 0
-72 -184 -177 216 223 230 0
-72 -203 -196 216 223 231 0
-84 -105 -97 216 224 225 0
-84 -119 -111 216 224 226 0
-84 -134 -126 216 224 227 0
-84 -150 -142 216 224 228 0
-84 -167 -159 216 224 229 0
-84 -185 -177 216 224 230 0
-84 -204 -196 216 224 231 0
-97 -120 -111 216 225 226 0
-97 -135 -126 216 225 227 0
-97 -151 -142 216 225 228 0
-97 -168 -159 216 225 229 0
-97 -186 -177 216 225 230 0
-97 -205 -196 216 225 231 0
-111 -136 -126 216 226 227 0
-111 -152 -142 216 226 228 0
-111 -169 -159 216 226 229 0
-111 -187 -177 216 226 230 0
-111 -206 -196 216 226 231 0
-126 -153 -142 216 227 228 0
-126 -170 -159 216 227 229 0
-126 -188 -177 216 227 230 0
-126 -207 -196 216 227 231 0
-142 -171 -159 216 228 229 0
-142 -189 -177 216 228 230 0
-142 -208 -196 216 228 231 0
-159 -190 -177 216 229 230 0
-159 -209 -196 216 229 231 0
-177 -210 -196 216 230 231 0
-28 -36 -35 217 218 219 0
-28 -44 -43 217 218 220 0
-28 -53 -52 217 218 221 0
-28 -63 -62 217 218 222 0
-28 -74 -73 217 218 223 0
-28 -86 -85 217 218 224 0
-28 -99 -98 217 218 225 0
-28 -113 -112 217 218 226 0
-28 -128 -127 217 218 227 0
-28 -144 -143 217 218 228 0
-28 -161 -160 217 218 229 0
-28 -179 -178 217 218 230 0
-28 -198 -197 217 218 231 0
-35 -45 -43 217 219 220 0
-35 -54 -52 217 219 221 0
-35 -64 -62 217 219 222 0
-35 -75 -73 217 219 223 0
-35 -87 -85 217 219 224 0
-35 -100 -98 217 219 225 0
-35 -114 -112 217 219 226 0
-35 -129 -127 217 219 227 0
-35 -145 -143 217 219 228 0
-35 -162 -160 217 219 229 0
-35 -180 -178 217 219 230 0
-35 -199 -197 217 219 231 0
-43 -55 -52 217 220 221 0
-43 -65 -62 217 220 222 0
-43 -76 -73 217 220 223 0
-43 -88 -85 217 220 224 0
-43 -101 -98 217 220 225 0
-43 -115 -112 217 220 226 0
-43 -130 -127 217 220 227 0
-43 -146 -143 217 220 228 0
-43 -163 -160 217 220 229 0
-43 -181 -178 217 220 230 0
-43 -200 -197 217 220 231 0
-52 -66 -62 217 221 222 0
-52 -77 -73 217 221 223 0
-52 -89 -85 217 221 224 0
-52 -102 -98 217 221 225 0
-52 -116 -112 217 221 226 0
-52 -131 -127 217 221 227 0
-52 -147 -143 217 221 228 0
-52 -164 -160 217 221 229 0
-52 -182 -178 217 221 230 0
-52 -201 -197 217 221 231 0
-62 -78 -73 217 222 223 0
-62 -90 -85 217 222 224 0
-62 -103 -98 217 222 225 0
-62 -117 -112 217 222 226 0
-62 -132 -127 217 222 227 0
-62 -148 -143 217 222 228 0
-62 -165 -160 217 222 229 0
-62 -183 -178 217 222 230 0
-62 -202 -197 217 222 231 0
-73 -91 -85 217 223 224 0
-73 -104 -98 217 223 225 0
-73 -118 -112 217 223 226 0
-73 -133 -127 217 223 227 0
-73 -149 -143 217 223 228 0
-73 -166 -160 217 223 229 0
-73 -184 -178 217 223 230 0
-73 -203 -197 217 223 231 0
-85 -105 -98 217 224 225 0
-85 -119 -112 217 224 226 0
-85 -134 -127 217 224 227 0
-85 -150 -143 217 224 228 0
-85 -167 -160 217 224 229 0
-85 -185 -178 217 224 230 0
-85 -204 -197 217 224 231 0
-98 -120 -112 217 225 226 0
-98 -135 -127 217 225 227 0
-98 -151 -143 217 225 228 0
-98 -168 -160 217 225 229 0
-98 -186 -178 217 225 230 0
-98 -205 -197 217 225 231 0
-112 -136 -127 217 226 227 0
-112 -152 -143 217 226 228 0
-112 -169 -160 217 226 229 0
-112 -187 -178 217 226 230 0
-112 -206 -197 217 226 231 0
-127 -153 -143 217 227 228 0
-127 -170 -160 217 227 229 0
-127 -188 -178 217 227 230 0
-127 -207 -197 217 227 231 0
-143 -171 -160 217 228 229 0
-143 -189 -178 217 228 230 0
-143 -208 -197 217 228 231 0
-160 -190 -178 217 229 230 0
-160 -209 -197 217 229 231 0
-178 -210 -197 217 230 231 0
-36 -45 -44 218 219 220 0
-36 -54 -53 218 219 221 0
-36 -64 -63 218 219 222 0
-36 -75 -74 218 219 223 0
-36 -87 -86 218 219 224 0
-36 -100 -99 218 219 225 0
-36 -114 -113 218 219 226 0
-36 -129 -128 218 219 227 0
-36 -145 -144 218 219 228 0
-36 -162 -161 218 219 229 0
-36 -180 -179 218 219 230 0
-36 -199 -198 218 219 231 0
-44 -55 -53 218 220 221 0
-44 -65 -63 218 220 222 0
-44 -76 -74 218 220 223 0
-44 -88 -86 218 220 224 0
-44 -101 -99 218 220 225 0
-44 -115 -113 218 220 226 0
-44 -130 -128 218 220 227 0
-44 -146 -144 218 220 228 0
-44 -163 -161 218 220 229 0
-44 -181 -179 218 220 230 0
-44 -200 -198 218 220 231 0
-53 -66 -63 218 221 222 0
-53 -77 -74 218 221 223 0
-53 -89 -86 218 221 224 0
-53 -102 -99 218 221 225 0
-53 -116 -113 218 221 226 0
-53 -131 -128 218 221 227 0
-53 -147 -144 218 221 228 0
-53 -164 -161 218 221 229 0
-53 -182 -179 218 221 230 0
-53 -201 -198 218 221 231 0
-63 -78 -74 218 222 223 0
-63 -90 -86 218 222 224 0
-63 -103 -99 218 222 225 0
-63 -117 -113 218 222 226 0
-63 -132 -128 218 222 227 0
-63 -148 -144 218 222 228 0
-63 -165 -161 218 222 229 0
-63 -183 -179 218 222 230 0
-63 -202 -198 218 222 231 0
-74 -91 -86 218 223 224 0
-74 -104 -99 218 223 225 0
-74 -118 -113 218 223 226 0
-74 -133 -128 218 223 227 0
-74 -149 -144 218 223 228 0
-74 -166 -161 218 223 229 0
-74 -184 -179 218 223 230 0
-74 -203 -198 218 223 231 0
-86 -105 -99 218 224 225 0
-86 -119 -113 218 224 226 0
-86 -134 -128 218 224 227 0
-86 -150 -144 218 224 228 0
-86 -167 -161 218 224 229 0
-86 -185 -179 218 224 230 0
-86 -204 -198 218 224 231 0
-99 -120 -113 218 225 226 0
-99 -135 -128 218 225 227 0
-99 -151 -144 218 225 228 0
-99 -168 -161 218 225 229 0
-99 -186 -179 218 225 230 0
-99 -205 -198 218 225 231 0
-113 -136 -128 218 226 227 0
-113 -152 -144 218 226 228 0
-113 -169 -161 218 226 229 0
-113 -187 -179 218 226 230 0
-113 -206 -198 218 226 231 0
-128 -153 -144 218 227 228 0
-128 -170 -161 218 227 229 0
-128 -188 -179 218 227 230 0
-128 -207 -198 218 227 231 0
-144 -171 -161 218 228 229 0
-144 -189 -179 218 228 230 0
-144 -208 -198 218 228 231 0
-161 -190 -179 218 229 230 0
-161 -209 -198 218 229 231 0
-179 -210 -198 218 230 231 0
-45 -55 -54 219 220 221 0
-45 -65 -64 219 220 222 0
-45 -76 -75 219 220 223 0
-45 -88 -87 219 220 224 0
-45 -101 -100 219 220 225 0
-45 -115 -114 219 220 226 0
-45 -130 -129 219 220 227 0
-45 -146 -145 219 220 228 0
-45 -163 -162 219 220 229 0
-45 -181 -180 219 220 230 0
-45 -200 -199 219 220 231 0
-54 -66 -64 219 221 222 0
-54 -77 -75 219 221 223 0
-54 -89 -87 219 221 224 0
-54 -102 -100 219 221 225 0
-54 -116 -114 219 221 226 0
-54 -131 -129 219 221 227 0
-54 -147 -145 219 221 228 0
-54 -164 -162 219 221 229 0
-54 -182 -180 219 221 230 0
-54 -201 -199 219 221 231 0
-64 -78 -75 219 222 223 0
-64 -90 -87 219 222 224 0
-64 -103 -100 219 222 225 0
-64 -117 -114 219 222 226 0
-64 -132 -129 219 222 227 0
-64 -148 -145 219 222 228 0
-64 -165 -162 219 222 229 0
-64 -183 -180 219 222 230 0
-64 -202 -199 219 222 231 0
-75 -91 -87 219 223 224 0
-75 -104 -100 219 223 225 0
-75 -118 -114 219 223 226 0
-75 -133 -129 219 223 227 0
-75 -149 -145 219 223 228 0
-75 -166 -162 219 223 229 0
-75 -184 -180 219 223 230 0
-75 -203 -199 219 223 231 0
-87 -105 -100 219 224 225 0
-87 -119 -114 219 224 226 0
-87 -134 -129 219 224 227 0
-87 -150 -145 219 224 228 0
-87 -167 -162 219 224 229 0
-87 -185 -180 219 224 230 0
-87 -204 -199 219 224 231 0
-100 -120 -114 219 225 226 0
-100 -135 -129 219 225 227 0
-100 -151 -145 219 225 228 0
-100 -168 -162 219 225 229 0
-100 -186 -180 219 225 230 0
-100 -205 -199 219 225 231 0
-114 -136 -129 219 226 227 0
-114 -152 -145 219 226 228 0
-114 -169 -162 219 226 229 0
-114 -187 -180 219 226 230 0
-114 -206 -199 219 226 231 0
-129 -153 -145 219 227 228 0
-129 -170 -162 219 227 229 0
-129 -188 -180 219 227 230 0
-129 -207 -199 219 227 231 0
-145 -171 -162 219 228 229 0
-145 -189 -180 219 228 230 0
-145 -208 -199 219 228 231 0
-162 -190 -180 219 229 230 0
-162 -209 -199 219 229 231 0
-180 -210 -199 219 230 231 0
-55 -66 -65 220 221 222 0
-55 -77 -76 220 221 223 0
-55 -89 -88 220 221 224 0
-55 -102 -101 220 221 225 0
-55 -116 -115 220 221 226 0
-55 -131 -130 220 221 227 0
-55 -147 -146 220 221 228 0
-55 -164 -163 220 221 229 0
-55 -182 -181 220 221 230 0
-55 -201 -200 220 221 231 0
-65 -78 -76 220 222 223 0
-65 -90 -88 220 222 224 0
-65 -103 -101 220 222 225 0
-65 -117 -115 220 222 226 0
-65 -132 -130 220 222 227 0
-65 -148 -146 220 222 228 0
-65 -165 -163 220 222 229 0
-65 -183 -181 220 222 230 0
-65 -202 -200 220 222 231 0
-76 -91 -88 220 223 224 0
-76 -104 -101 220 223 225 0
-76 -118 -115 220 223 226 0
-76 -133 -130 220 223 227 0
-76 -149 -146 220 223 228 0
-76 -166 -163 220 223 229 0
-76 -184 -181 220 223 230 0
-76 -203 -200 220 223 231 0
-88 -105 -101 220 224 225 0
-88 -119 -115 220 224 226 0
-88 -134 -130 220 224 227 0
-88 -150 -146 220 224 228 0
-88 -167 -163 220 224 229 0
-88 -185 -181 220 224 230 0
-88 -204 -200 220 224 231 0
-101 -120 -115 220 225 226 0
-101 -135 -130 220 225 227 0
-101 -151 -146 220 225 228 0
-101 -168 -163 220 225 229 0
-101 -186 -181 220 225 230 0
-101 -205 -200 220 225 231 0
-115 -136 -130 220 226 227 0
-115 -152 -146 220 226 228 0
-115 -169 -163 220 226 229 0
-115 -187 -181 220 226 230 0
-115 -206 -200 220 226 231 0
-130 -153 -146 220 227 228 0
-130 -170 -163 220 227 229 0
-130 -188 -181 220 227 230 0
-130 -207 -200 220 227 231 0
-146 -171 -163 220 228 229 0
-146 -189 -181 220 228 230 0
-146 -208 -200 220 228 231 0
-163 -190 -181 220 229 230 0
-163 -209 -200 220 229 231 0
-181 -210 -200 220 230 231 0
-66 -78 -77 221 222 223 0
-66 -90 -89 221 222 224 0
-66 -103 -102 221 222 225 0
-66 -117 -116 221 222 226 0
-66 -132 -131 221 222 227 0
-66 -148 -147 221 222 228 0
-66 -165 -164 221 222 229 0
-66 -183 -182 221 222 230 0
-66 -202 -201 221 222 231 0
-77 -91 -89 221 223 224 0
-77 -104 -102 221 223 225 0
-77 -118 -116 221 223 226 0
-77 -133 -131 221 223 227 0
-77 -149 -147 221 223 228 0
-77 -166 -164 221 223 229 0
-77 -184 -182 221 223 230 0
-77 -203 -201 221 223 231 0
-89 -105 -102 221 224 225 0
-89 -119 -116 221 224 226 0
-89 -134 -131 221 224 227 0
-89 -150 -147 221 224 228 0
-89 -167 -164 221 224 229 0
-89 -185 -182 221 224 230 0
-89 -204 -201 221 224 231 0
-102 -120 -116 221 225 226 0
-102 -135 -131 221 225 227 0
-102 -151 -147 221 225 228 0
-102 -168 -164 221 225 229 0
-102 -186 -182 221 225 230 0
-102 -205 -201 221 225 231 0
-116 -136 -131 221 226 227 0
-116 -152 -147 221 226 228 0
-116 -169 -164 221 226 229 0
-116 -187 -182 221 226 230 0
-116 -206 -201 221 226 231 0
-131 -153 -147 221 227 228 0
-131 -170 -164 221 227 229 0
-131 -188 -182 221 227 230 0
-131 -207 -201 221 227 231 0
-147 -171 -164 221 228 229 0
-147 -189 -182 221 228 230 0
-147 -208 -201 221 228 231 0
-164 -190 -182 221 229 230 0
-164 -209 -201 221 229 231 0
-182 -210 -201 221 230 231 0
-78 -91 -90 222 223 224 0
-78 -104 -103 222 223 225 0
-78 -118 -117 222 223 226 0
-78 -133 -132 222 223 227 0
-78 -149 -148 222 223 228 0
-78 -166 -165 222 223 229 0
-78 -184 -183 222 223 230 0
-78 -203 -202 222 223 231 0
-90 -105 -103 222 224 225 0
-90 -119 -117 222 224 226 0
-90 -134 -132 222 224 227 0
-90 -150 -148 222 224 228 0
-90 -167 -165 222 224 229 0
-90 -185 -183 222 224 230 0
-90 -204 -202 222 224 231 0
-103 -120 -117 222 225 226 0
-103 -135 -132 222 225 227 0
-103 -151 -148 222 225 228 0
-103 -168 -165 222 225 229 0
-103 -186 -183 222 225 230 0
-103 -205 -202 222 225 231 0
-117 -136 -132 222 226 227 0
-117 -152 -148 222 226 228 0
-117 -169 -165 222 226 229 0
-117 -187 -183 222 226 230 0
-117 -206 -202 222 226 231 0
-132 -153 -148 222 227 228 0
-132 -170 -165 222 227 229 0
-132 -188 -183 222 227 230 0
-132 -207 -202 222 227 231 0
-148 -171 -165 222 228 229 0
-148 -189 -183 222 228 230 0
-148 -208 -202 222 228 231 0
-165 -190 -183 222 229 230 0
-165 -209 -202 222 229 231 0
-183 -210 -202 222 230 231 0
-91 -105 -104 223 224 225 0
-91 -119 -118 223 224 226 0
-91 -134 -133 223 224 227 0
-91 -150 -149 223 224 228 0
-91 -167 -166 223 224 229 0
-91 -185 -184 223 224 230 0
-91 -204 -203 223 224 231 0
-104 -120 -118 223 225 226 0
-104 -135 -133 223 225 227 0
-104 -151 -149 223 225 228 0
-104 -168 -166 223 225 229 0
-104 -186 -184 223 225 230 0
-104 -205 -203 223 225 231 0
-118 -136 -133 223 226 227 0
-118 -152 -149 223 226 228 0
-118 -169 -166 223 226 229 0
-118 -187 -184 223 226 230 0
-118 -206 -203 223 226 231 0
-133 -153 -149 223 227 228 0
-133 -170 -166 223 227 229 0
-133 -188 -184 223 227 230 0
-133 -207 -203 223 227 231 0
-149 -171 -166 223 228 229 0
-149 -189 -184 223 228 230 0
-149 -208 -203 223 228 231 0
-166 -190 -184 223 229 230 0
-166 -209 -203 223 229 231 0
-184 -210 -203 223 230 231 0
-105 -120 -119 224 225 226 0
-105 -135 -134 224 225 227 0
-105 -151 -150 224 225 228 0
-105 -168 -167 224 225 229 0
-105 -186 -185 224 225 230 0
-105 -205 -204 224 225 231 0
-119 -136 -134 224 226 227 0
-119 -152 -150 224 226 228 0
-119 -169 -167 224 226 229 0
-119 -187 -185 224 226 230 0
-119 -206 -204 224 226 231 0
-134 -153 -150 224 227 228 0
-134 -170 -167 224 227 229 0
-134 -188 -185 224 227 230 0
-134 -207 -204 224 227 231 0
-150 -171 -167 224 228 229 0
-150 -189 -185 224 228 230 0
-150 -208 -204 224 228 231 0
-167 -190 -185 224 229 230 0
-167 -209 -204 224 229 231 0
-185 -210 -204 224 230 231 0
-120 -136 -135 225 226 227 0
-120 -152 -151 225 226 228 0
-120 -169 -168 225 226 229 0
-120 -187 -186 225 226 230 0
-120 -206 -205 225 226 231 0
-135 -153 -151 225 227 228 0
-135 -170 -168 225 227 229 0
-135 -188 -186 225 227 230 0
-135 -207 -205 225 227 231 0
-151 -171 -168 225 228 229 0
-151 -189 -186 225 228 230 0
-151 -208 -205 225 228 231 0
-168 -190 -186 225 229 230 0
-168 -209 -205 225 229 231 0
-186 -210 -205 225 230 231 0
-136 -153 -152 226 227 228 0
-136 -170 -169 226 227 229 0
-136 -188 -187 226 227 230 0
-136 -207 -206 226 227 231 0
-152 -171 -169 226 228 229 0
-152 -189 -187 226 228 230 0
-152 -208 -206 226 228 231 0
-169 -190 -187 226 229 230 0
-169 -209 -206 226 229 231 0
-187 -210 -206 226 230 231 0
-153 -171 -170 227 228 229 0
-153 -189 -188 227 228 230 0
-153 -208 -207 227 228 231 0
-170 -190 -188 227 229 230 0
-170 -209 -207 227 229 231 0
-188 -210 -207 227 230 231 0
-171 -190 -189 228 229 230 0
-171 -209 -208 228 229 231 0
-189 -210 -208 228 230 231 0
-190 -210 -209 229 230 231 0
