p cnf 210 1330
-1 -191 -192 0
-2 -191 -193 0
-3 -192 -193 0
-4 -191 -194 0
-5 -192 -194 0
-6 -193 -194 0
-7 -191 -195 0
-8 -192 -195 0
-9 -193 -195 0
-10 -194 -195 0
-11 -191 -196 0
-12 -192 -196 0
-13 -193 -196 0
-14 -194 -196 0
-15 -195 -196 0
-16 -191 -197 0
-17 -192 -197 0
-18 -193 -197 0
-19 -194 -197 0
-20 -195 -197 0
-21 -196 -197 0
-22 -191 -198 0
-23 -192 -198 0
-24 -193 -198 0
-25 -194 -198 0
-26 -195 -198 0
-27 -196 -198 0
-28 -197 -198 0
-29 -191 -199 0
-30 -192 -199 0
-31 -193 -199 0
-32 -194 -199 0
-33 -195 -199 0
-34 -196 -199 0
-35 -197 -199 0
-36 -198 -199 0
-37 -191 -200 0
-38 -192 -200 0
-39 -193 -200 0
-40 -194 -200 0
-41 -195 -200 0
-42 -196 -200 0
-43 -197 -200 0
-44 -198 -200 0
-45 -199 -200 0
-46 -191 -201 0
-47 -192 -201 0
-48 -193 -201 0
-49 -194 -201 0
-50 -195 -201 0
-51 -196 -201 0
-52 -197 -201 0
-53 -198 -201 0
-54 -199 -201 0
-55 -200 -201 0
-56 -191 -202 0
-57 -192 -202 0
-58 -193 -202 0
-59 -194 -202 0
-60 -195 -202 0
-61 -196 -202 0
-62 -197 -202 0
-63 -198 -202 0
-64 -199 -202 0
-65 -200 -202 0
-66 -201 -202 0
-67 -191 -203 0
-68 -192 -203 0
-69 -193 -203 0
-70 -194 -203 0
-71 -195 -203 0
-72 -196 -203 0
-73 -197 -203 0
-74 -198 -203 0
-75 -199 -203 0
-76 -200 -203 0
-77 -201 -203 0
-78 -202 -203 0
-79 -191 -204 0
-80 -192 -204 0
-81 -193 -204 0
-82 -194 -204 0
-83 -195 -204 0
-84 -196 -204 0
-85 -197 -204 0
-86 -198 -204 0
-87 -199 -204 0
-88 -200 -204 0
-89 -201 -204 0
-90 -202 -204 0
-91 -203 -204 0
-92 -191 -205 0
-93 -192 -205 0
-94 -193 -205 0
-95 -194 -205 0
-96 -195 -205 0
-97 -196 -205 0
-98 -197 -205 0
-99 -198 -205 0
-100 -199 -205 0
-101 -200 -205 0
-102 -201 -205 0
-103 -202 -205 0
-104 -203 -205 0
-105 -204 -205 0
-106 -191 -206 0
-107 -192 -206 0
-108 -193 -206 0
-109 -194 -206 0
-110 -195 -206 0
-111 -196 -206 0
-112 -197 -206 0
-113 -198 -206 0
-114 -199 -206 0
-115 -200 -206 0
-116 -201 -206 0
-117 -202 -206 0
-118 -203 -206 0
-119 -204 -206 0
-120 -205 -206 0
-121 -191 -207 0
-122 -192 -207 0
-123 -193 -207 0
-124 -194 -207 0
-125 -195 -207 0
-126 -196 -207 0
-127 -197 -207 0
-128 -198 -207 0
-129 -199 -207 0
-130 -200 -207 0
-131 -201 -207 0
-132 -202 -207 0
-133 -203 -207 0
-134 -204 -207 0
-135 -205 -207 0
-136 -206 -207 0
-137 -191 -208 0
-138 -192 -208 0
-139 -193 -208 0
-140 -194 -208 0
-141 -195 -208 0
-142 -196 -208 0
-143 -197 -208 0
-144 -198 -208 0
-145 -199 -208 0
-146 -200 -208 0
-147 -201 -208 0
-148 -202 -208 0
-149 -203 -208 0
-150 -204 -208 0
-151 -205 -208 0
-152 -206 -208 0
-153 -207 -208 0
-154 -191 -209 0
-155 -192 -209 0
-156 -193 -209 0
-157 -194 -209 0
-158 -195 -209 0
-159 -196 -209 0
-160 -197 -209 0
-161 -198 -209 0
-162 -199 -209 0
-163 -200 -209 0
-164 -201 -209 0
-165 -202 -209 0
-166 -203 -209 0
-167 -204 -209 0
-168 -205 -209 0
-169 -206 -209 0
-170 -207 -209 0
-171 -208 -209 0
-172 -191 -210 0
-173 -192 -210 0
-174 -193 -210 0
-175 -194 -210 0
-176 -195 -210 0
-177 -196 -210 0
-178 -197 -210 0
-179 -198 -210 0
-180 -199 -210 0
-181 -200 -210 0
-182 -201 -210 0
-183 -202 -210 0
-184 -203 -210 0
-185 -204 -210 0
-186 -205 -210 0
-187 -206 -210 0
-188 -207 -210 0
-189 -208 -210 0
-190 -209 -210 0
-1 -3 -2 191 192 193 0
-1 -5 -4 191 192 194 0
-1 -8 -7 191 192 195 0
-1 -12 -11 191 192 196 0
-1 -17 -16 191 192 197 0
-1 -23 -22 191 192 198 0
-1 -30 -29 191 192 199 0
-1 -38 -37 191 192 200 0
-1 -47 -46 191 192 201 0
-1 -57 -56 191 192 202 0
-1 -68 -67 191 192 203 0
-1 -80 -79 191 192 204 0
-1 -93 -92 191 192 205 0
-1 -107 -106 191 192 206 0
-1 -122 -121 191 192 207 0
-1 -138 -137 191 192 208 0
-1 -155 -154 191 192 209 0
-1 -173 -172 191 192 210 0
-2 -6 -4 191 193 194 0
-2 -9 -7 191 193 195 0
-2 -13 -11 191 193 196 0
-2 -18 -16 191 193 197 0
-2 -24 -22 191 193 198 0
-2 -31 -29 191 193 199 0
-2 -39 -37 191 193 200 0
-2 -48 -46 191 193 201 0
-2 -58 -56 191 193 202 0
-2 -69 -67 191 193 203 0
-2 -81 -79 191 193 204 0
-2 -94 -92 191 193 205 0
-2 -108 -106 191 193 206 0
-2 -123 -121 191 193 207 0
-2 -139 -137 191 193 208 0
-2 -156 -154 191 193 209 0
-2 -174 -172 191 193 210 0
-4 -10 -7 191 194 195 0
-4 -14 -11 191 194 196 0
-4 -19 -16 191 194 197 0
-4 -25 -22 191 194 198 0
-4 -32 -29 191 194 199 0
-4 -40 -37 191 194 200 0
-4 -49 -46 191 194 201 0
-4 -59 -56 191 194 202 0
-4 -70 -67 191 194 203 0
-4 -82 -79 191 194 204 0
-4 -95 -92 191 194 205 0
-4 -109 -106 191 194 206 0
-4 -124 -121 191 194 207 0
-4 -140 -137 191 194 208 0
-4 -157 -154 191 194 209 0
-4 -175 -172 191 194 210 0
-7 -15 -11 191 195 196 0
-7 -20 -16 191 195 197 0
-7 -26 -22 191 195 198 0
-7 -33 -29 191 195 199 0
-7 -41 -37 191 195 200 0
-7 -50 -46 191 195 201 0
-7 -60 -56 191 195 202 0
-7 -71 -67 191 195 203 0
-7 -83 -79 191 195 204 0
-7 -96 -92 191 195 205 0
-7 -110 -106 191 195 206 0
-7 -125 -121 191 195 207 0
-7 -141 -137 191 195 208 0
-7 -158 -154 191 195 209 0
-7 -176 -172 191 195 210 0
-11 -21 -16 191 196 197 0
-11 -27 -22 191 196 198 0
-11 -34 -29 191 196 199 0
-11 -42 -37 191 196 200 0
-11 -51 -46 191 196 201 0
-11 -61 -56 191 196 202 0
-11 -72 -67 191 196 203 0
-11 -84 -79 191 196 204 0
-11 -97 -92 191 196 205 0
-11 -111 -106 191 196 206 0
-11 -126 -121 191 196 207 0
-11 -142 -137 191 196 208 0
-11 -159 -154 191 196 209 0
-11 -177 -172 191 196 210 0
-16 -28 -22 191 197 198 0
-16 -35 -29 191 197 199 0
-16 -43 -37 191 197 200 0
-16 -52 -46 191 197 201 0
-16 -62 -56 191 197 202 0
-16 -73 -67 191 197 203 0
-16 -85 -79 191 197 204 0
-16 -98 -92 191 197 205 0
-16 -112 -106 191 197 206 0
-16 -127 -121 191 197 207 0
-16 -143 -137 191 197 208 0
-16 -160 -154 191 197 209 0
-16 -178 -172 191 197 210 0
-22 -36 -29 191 198 199 0
-22 -44 -37 191 198 200 0
-22 -53 -46 191 198 201 0
-22 -63 -56 191 198 202 0
-22 -74 -67 191 198 203 0
-22 -86 -79 191 198 204 0
-22 -99 -92 191 198 205 0
-22 -113 -106 191 198 206 0
-22 -128 -121 191 198 207 0
-22 -144 -137 191 198 208 0
-22 -161 -154 191 198 209 0
-22 -179 -172 191 198 210 0
-29 -45 -37 191 199 200 0
-29 -54 -46 191 199 201 0
-29 -64 -56 191 199 202 0
-29 -75 -67 191 199 203 0
-29 -87 -79 191 199 204 0
-29 -100 -92 191 199 205 0
-29 -114 -106 191 199 206 0
-29 -129 -121 191 199 207 0
-29 -145 -137 191 199 208 0
-29 -162 -154 191 199 209 0
-29 -180 -172 191 199 210 0
-37 -55 -46 191 200 201 0
-37 -65 -56 191 200 202 0
-37 -76 -67 191 200 203 0
-37 -88 -79 191 200 204 0
-37 -101 -92 191 200 205 0
-37 -115 -106 191 200 206 0
-37 -130 -121 191 200 207 0
-37 -146 -137 191 200 208 0
-37 -163 -154 191 200 209 0
-37 -181 -172 191 200 210 0
-46 -66 -56 191 201 202 0
-46 -77 -67 191 201 203 0
-46 -89 -79 191 201 204 0
-46 -102 -92 191 201 205 0
-46 -116 -106 191 201 206 0
-46 -131 -121 191 201 207 0
-46 -147 -137 191 201 208 0
-46 -164 -154 191 201 209 0
-46 -182 -172 191 201 210 0
-56 -78 -67 191 202 203 0
-56 -90 -79 191 202 204 0
-56 -103 -92 191 202 205 0
-56 -117 -106 191 202 206 0
-56 -132 -121 191 202 207 0
-56 -148 -137 191 202 208 0
-56 -165 -154 191 202 209 0
-56 -183 -172 191 202 210 0
-67 -91 -79 191 203 204 0
-67 -104 -92 191 203 205 0
-67 -118 -106 191 203 206 0
-67 -133 -121 191 203 207 0
-67 -149 -137 191 203 208 0
-67 -166 -154 191 203 209 0
-67 -184 -172 191 203 210 0
-79 -105 -92 191 204 205 0
-79 -119 -106 191 204 206 0
-79 -134 -121 191 204 207 0
-79 -150 -137 191 204 208 0
-79 -167 -154 191 204 209 0
-79 -185 -172 191 204 210 0
-92 -120 -106 191 205 206 0
-92 -135 -121 191 205 207 0
-92 -151 -137 191 205 208 0
-92 -168 -154 191 205 209 0
-92 -186 -172 191 205 210 0
-106 -136 -121 191 206 207 0
-106 -152 -137 191 206 208 0
-106 -169 -154 191 206 209 0
-106 -187 -172 191 206 210 0
-121 -153 -137 191 207 208 0
-121 -170 -154 191 207 209 0
-121 -188 -172 191 207 210 0
-137 -171 -154 191 208 209 0
-137 -189 -172 191 208 210 0
-154 -190 -172 191 209 210 0
-3 -6 -5 192 193 194 0
-3 -9 -8 192 193 195 0
-3 -13 -12 192 193 196 0
-3 -18 -17 192 193 197 0
-3 -24 -23 192 193 198 0
-3 -31 -30 192 193 199 0
-3 -39 -38 192 193 200 0
-3 -48 -47 192 193 201 0
-3 -58 -57 192 193 202 0
-3 -69 -68 192 193 203 0
-3 -81 -80 192 193 204 0
-3 -94 -93 192 193 205 0
-3 -108 -107 192 193 206 0
-3 -123 -122 192 193 207 0
-3 -139 -138 192 193 208 0
-3 -156 -155 192 193 209 0
-3 -174 -173 192 193 210 0
-5 -10 -8 192 194 195 0
-5 -14 -12 192 194 196 0
-5 -19 -17 192 194 197 0
-5 -25 -23 192 194 198 0
-5 -32 -30 192 194 199 0
-5 -40 -38 192 194 200 0
-5 -49 -47 192 194 201 0
-5 -59 -57 192 194 202 0
-5 -70 -68 192 194 203 0
-5 -82 -80 192 194 204 0
-5 -95 -93 192 194 205 0
-5 -109 -107 192 194 206 0
-5 -124 -122 192 194 207 0
-5 -140 -138 192 194 208 0
-5 -157 -155 192 194 209 0
-5 -175 -173 192 194 210 0
-8 -15 -12 192 195 196 0
-8 -20 -17 192 195 197 0
-8 -26 -23 192 195 198 0
-8 -33 -30 192 195 199 0
-8 -41 -38 192 195 200 0
-8 -50 -47 192 195 201 0
-8 -60 -57 192 195 202 0
-8 -71 -68 192 195 203 0
-8 -83 -80 192 195 204 0
-8 -96 -93 192 195 205 0
-8 -110 -107 192 195 206 0
-8 -125 -122 192 195 207 0
-8 -141 -138 192 195 208 0
-8 -158 -155 192 195 209 0
-8 -176 -173 192 195 210 0
-12 -21 -17 192 196 197 0
-12 -27 -23 192 196 198 0
-12 -34 -30 192 196 199 0
-12 -42 -38 192 196 200 0
-12 -51 -47 192 196 201 0
-12 -61 -57 192 196 202 0
-12 -72 -68 192 196 203 0
-12 -84 -80 192 196 204 0
-12 -97 -93 192 196 205 0
-12 -111 -107 192 196 206 0
-12 -126 -122 192 196 207 0
-12 -142 -138 192 196 208 0
-12 -159 -155 192 196 209 0
-12 -177 -173 192 196 210 0
-17 -28 -23 192 197 198 0
-17 -35 -30 192 197 199 0
-17 -43 -38 192 197 200 0
-17 -52 -47 192 197 201 0
-17 -62 -57 192 197 202 0
-17 -73 -68 192 197 203 0
-17 -85 -80 192 197 204 0
-17 -98 -93 192 197 205 0
-17 -112 -107 192 197 206 0
-17 -127 -122 192 197 207 0
-17 -143 -138 192 197 208 0
-17 -160 -155 192 197 209 0
-17 -178 -173 192 197 210 0
-23 -36 -30 192 198 199 0
-23 -44 -38 192 198 200 0
-23 -53 -47 192 198 201 0
-23 -63 -57 192 198 202 0
-23 -74 -68 192 198 203 0
-23 -86 -80 192 198 204 0
-23 -99 -93 192 198 205 0
-23 -113 -107 192 198 206 0
-23 -128 -122 192 198 207 0
-23 -144 -138 192 198 208 0
-23 -161 -155 192 198 209 0
-23 -179 -173 192 198 210 0
-30 -45 -38 192 199 200 0
-30 -54 -47 192 199 201 0
-30 -64 -57 192 199 202 0
-30 -75 -68 192 199 203 0
-30 -87 -80 192 199 204 0
-30 -100 -93 192 199 205 0
-30 -114 -107 192 199 206 0
-30 -129 -122 192 199 207 0
-30 -145 -138 192 199 208 0
-30 -162 -155 192 199 209 0
-30 -180 -173 192 199 210 0
-38 -55 -47 192 200 201 0
-38 -65 -57 192 200 202 0
-38 -76 -68 192 200 203 0
-38 -88 -80 192 200 204 0
-38 -101 -93 192 200 205 0
-38 -115 -107 192 200 206 0
-38 -130 -122 192 200 207 0
-38 -146 -138 192 200 208 0
-38 -163 -155 192 200 209 0
-38 -181 -173 192 200 210 0
-47 -66 -57 192 201 202 0
-47 -77 -68 192 201 203 0
-47 -89 -80 192 201 204 0
-47 -102 -93 192 201 205 0
-47 -116 -107 192 201 206 0
-47 -131 -122 192 201 207 0
-47 -147 -138 192 201 208 0
-47 -164 -155 192 201 209 0
-47 -182 -173 192 201 210 0
-57 -78 -68 192 202 203 0
-57 -90 -80 192 202 204 0
-57 -103 -93 192 202 205 0
-57 -117 -107 192 202 206 0
-57 -132 -122 192 202 207 0
-57 -148 -138 192 202 208 0
-57 -165 -155 192 202 209 0
-57 -183 -173 192 202 210 0
-68 -91 -80 192 203 204 0
-68 -104 -93 192 203 205 0
-68 -118 -107 192 203 206 0
-68 -133 -122 192 203 207 0
-68 -149 -138 192 203 208 0
-68 -166 -155 192 203 209 0
-68 -184 -173 192 203 210 0
-80 -105 -93 192 204 205 0
-80 -119 -107 192 204 206 0
-80 -134 -122 192 204 207 0
-80 -150 -138 192 204 208 0
-80 -167 -155 192 204 209 0
-80 -185 -173 192 204 210 0
-93 -120 -107 192 205 206 0
-93 -135 -122 192 205 207 0
-93 -151 -138 192 205 208 0
-93 -168 -155 192 205 209 0
-93 -186 -173 192 205 210 0
-107 -136 -122 192 206 207 0
-107 -152 -138 192 206 208 0
-107 -169 -155 192 206 209 0
-107 -187 -173 192 206 210 0
-122 -153 -138 192 207 208 0
-122 -170 -155 192 207 209 0
-122 -188 -173 192 207 210 0
-138 -171 -155 192 208 209 0
-138 -189 -173 192 208 210 0
-155 -190 -173 192 209 210 0
-6 -10 -9 193 194 195 0
-6 -14 -13 193 194 196 0
-6 -19 -18 193 194 197 0
-6 -25 -24 193 194 198 0
-6 -32 -31 193 194 199 0
-6 -40 -39 193 194 200 0
-6 -49 -48 193 194 201 0
-6 -59 -58 193 194 202 0
-6 -70 -69 193 194 203 0
-6 -82 -81 193 194 204 0
-6 -95 -94 193 194 205 0
-6 -109 -108 193 194 206 0
-6 -124 -123 193 194 207 0
-6 -140 -139 193 194 208 0
-6 -157 -156 193 194 209 0
-6 -175 -174 193 194 210 0
-9 -15 -13 193 195 196 0
-9 -20 -18 193 195 197 0
-9 -26 -24 193 195 198 0
-9 -33 -31 193 195 199 0
-9 -41 -39 193 195 200 0
-9 -50 -48 193 195 201 0
-9 -60 -58 193 195 202 0
-9 -71 -69 193 195 203 0
-9 -83 -81 193 195 204 0
-9 -96 -94 193 195 205 0
-9 -110 -108 193 195 206 0
-9 -125 -123 193 195 207 0
-9 -141 -139 193 195 208 0
-9 -158 -156 193 195 209 0
-9 -176 -174 193 195 210 0
-13 -21 -18 193 196 197 0
-13 -27 -24 193 196 198 0
-13 -34 -31 193 196 199 0
-13 -42 -39 193 196 200 0
-13 -51 -48 193 196 201 0
-13 -61 -58 193 196 202 0
-13 -72 -69 193 196 203 0
-13 -84 -81 193 196 204 0
-13 -97 -94 193 196 205 0
-13 -111 -108 193 196 206 0
-13 -126 -123 193 196 207 0
-13 -142 -139 193 196 208 0
-13 -159 -156 193 196 209 0
-13 -177 -174 193 196 210 0
-18 -28 -24 193 197 198 0
-18 -35 -31 193 197 199 0
-18 -43 -39 193 197 200 0
-18 -52 -48 193 197 201 0
-18 -62 -58 193 197 202 0
-18 -73 -69 193 197 203 0
-18 -85 -81 193 197 204 0
-18 -98 -94 193 197 205 0
-18 -112 -108 193 197 206 0
-18 -127 -123 193 197 207 0
-18 -143 -139 193 197 208 0
-18 -160 -156 193 197 209 0
-18 -178 -174 193 197 210 0
-24 -36 -31 193 198 199 0
-24 -44 -39 193 198 200 0
-24 -53 -48 193 198 201 0
-24 -63 -58 193 198 202 0
-24 -74 -69 193 198 203 0
-24 -86 -81 193 198 204 0
-24 -99 -94 193 198 205 0
-24 -113 -108 193 198 206 0
-24 -128 -123 193 198 207 0
-24 -144 -139 193 198 208 0
-24 -161 -156 193 198 209 0
-24 -179 -174 193 198 210 0
-31 -45 -39 193 199 200 0
-31 -54 -48 193 199 201 0
-31 -64 -58 193 199 202 0
-31 -75 -69 193 199 203 0
-31 -87 -81 193 199 204 0
-31 -100 -94 193 199 205 0
-31 -114 -108 193 199 206 0
-31 -129 -123 193 199 207 0
-31 -145 -139 193 199 208 0
-31 -162 -156 193 199 209 0
-31 -180 -174 193 199 210 0
-39 -55 -48 193 200 201 0
-39 -65 -58 193 200 202 0
-39 -76 -69 193 200 203 0
-39 -88 -81 193 200 204 0
-39 -101 -94 193 200 205 0
-39 -115 -108 193 200 206 0
-39 -130 -123 193 200 207 0
-39 -146 -139 193 200 208 0
-39 -163 -156 193 200 209 0
-39 -181 -174 193 200 210 0
-48 -66 -58 193 201 202 0
-48 -77 -69 193 201 203 0
-48 -89 -81 193 201 204 0
-48 -102 -94 193 201 205 0
-48 -116 -108 193 201 206 0
-48 -131 -123 193 201 207 0
-48 -147 -139 193 201 208 0
-48 -164 -156 193 201 209 0
-48 -182 -174 193 201 210 0
-58 -78 -69 193 202 203 0
-58 -90 -81 193 202 204 0
-58 -103 -94 193 202 205 0
-58 -117 -108 193 202 206 0
-58 -132 -123 193 202 207 0
-58 -148 -139 193 202 208 0
-58 -165 -156 193 202 209 0
-58 -183 -174 193 202 210 0
-69 -91 -81 193 203 204 0
-69 -104 -94 193 203 205 0
-69 -118 -108 193 203 206 0
-69 -133 -123 193 203 207 0
-69 -149 -139 193 203 208 0
-69 -166 -156 193 203 209 0
-69 -184 -174 193 203 210 0
-81 -105 -94 193 204 205 0
-81 -119 -108 193 204 206 0
-81 -134 -123 193 204 207 0
-81 -150 -139 193 204 208 0
-81 -167 -156 193 204 209 0
-81 -185 -174 193 204 210 0
-94 -120 -108 193 205 206 0
-94 -135 -123 193 205 207 0
-94 -151 -139 193 205 208 0
-94 -168 -156 193 205 209 0
-94 -186 -174 193 205 210 0
-108 -136 -123 193 206 207 0
-108 -152 -139 193 206 208 0
-108 -169 -156 193 206 209 0
-108 -187 -174 193 206 210 0
-123 -153 -139 193 207 208 0
-123 -170 -156 193 207 209 0
-123 -188 -174 193 207 210 0
-139 -171 -156 193 208 209 0
-139 -189 -174 193 208 210 0
-156 -190 -174 193 209 210 0
-10 -15 -14 194 195 196 0
-10 -20 -19 194 195 197 0
-10 -26 -25 194 195 198 0
-10 -33 -32 194 195 199 0
-10 -41 -40 194 195 200 0
-10 -50 -49 194 195 201 0
-10 -60 -59 194 195 202 0
-10 -71 -70 194 195 203 0
-10 -83 -82 194 195 204 0
-10 -96 -95 194 195 205 0
-10 -110 -109 194 195 206 0
-10 -125 -124 194 195 207 0
-10 -141 -140 194 195 208 0
-10 -158 -157 194 195 209 0
-10 -176 -175 194 195 210 0
-14 -21 -19 194 196 197 0
-14 -27 -25 194 196 198 0
-14 -34 -32 194 196 199 0
-14 -42 -40 194 196 200 0
-14 -51 -49 194 196 201 0
-14 -61 -59 194 196 202 0
-14 -72 -70 194 196 203 0
-14 -84 -82 194 196 204 0
-14 -97 -95 194 196 205 0
-14 -111 -109 194 196 206 0
-14 -126 -124 194 196 207 0
-14 -142 -140 194 196 208 0
-14 -159 -157 194 196 209 0
-14 -177 -175 194 196 210 0
-19 -28 -25 194 197 198 0
-19 -35 -32 194 197 199 0
-19 -43 -40 194 197 200 0
-19 -52 -49 194 197 201 0
-19 -62 -59 194 197 202 0
-19 -73 -70 194 197 203 0
-19 -85 -82 194 197 204 0
-19 -98 -95 194 197 205 0
-19 -112 -109 194 197 206 0
-19 -127 -124 194 197 207 0
-19 -143 -140 194 197 208 0
-19 -160 -157 194 197 209 0
-19 -178 -175 194 197 210 0
-25 -36 -32 194 198 199 0
-25 -44 -40 194 198 200 0
-25 -53 -49 194 198 201 0
-25 -63 -59 194 198 202 0
-25 -74 -70 194 198 203 0
-25 -86 -82 194 198 204 0
-25 -99 -95 194 198 205 0
-25 -113 -109 194 198 206 0
-25 -128 -124 194 198 207 0
-25 -144 -140 194 198 208 0
-25 -161 -157 194 198 209 0
-25 -179 -175 194 198 210 0
-32 -45 -40 194 199 200 0
-32 -54 -49 194 199 201 0
-32 -64 -59 194 199 202 0
-32 -75 -70 194 199 203 0
-32 -87 -82 194 199 204 0
-32 -100 -95 194 199 205 0
-32 -114 -109 194 199 206 0
-32 -129 -124 194 199 207 0
-32 -145 -140 194 199 208 0
-32 -162 -157 194 199 209 0
-32 -180 -175 194 199 210 0
-40 -55 -49 194 200 201 0
-40 -65 -59 194 200 202 0
-40 -76 -70 194 200 203 0
-40 -88 -82 194 200 204 0
-40 -101 -95 194 200 205 0
-40 -115 -109 194 200 206 0
-40 -130 -124 194 200 207 0
-40 -146 -140 194 200 208 0
-40 -163 -157 194 200 209 0
-40 -181 -175 194 200 210 0
-49 -66 -59 194 201 202 0
-49 -77 -70 194 201 203 0
-49 -89 -82 194 201 204 0
-49 -102 -95 194 201 205 0
-49 -116 -109 194 201 206 0
-49 -131 -124 194 201 207 0
-49 -147 -140 194 201 208 0
-49 -164 -157 194 201 209 0
-49 -182 -175 194 201 210 0
-59 -78 -70 194 202 203 0
-59 -90 -82 194 202 204 0
-59 -103 -95 194 202 205 0
-59 -117 -109 194 202 206 0
-59 -132 -124 194 202 207 0
-59 -148 -140 194 202 208 0
-59 -165 -157 194 202 209 0
-59 -183 -175 194 202 210 0
-70 -91 -82 194 203 204 0
-70 -104 -95 194 203 205 0
-70 -118 -109 194 203 206 0
-70 -133 -124 194 203 207 0
-70 -149 -140 194 203 208 0
-70 -166 -157 194 203 209 0
-70 -184 -175 194 203 210 0
-82 -105 -95 194 204 205 0
-82 -119 -109 194 204 206 0
-82 -134 -124 194 204 207 0
-82 -150 -140 194 204 208 0
-82 -167 -157 194 204 209 0
-82 -185 -175 194 204 210 0
-95 -120 -109 194 205 206 0
-95 -135 -124 194 205 207 0
-95 -151 -140 194 205 208 0
-95 -168 -157 194 205 209 0
-95 -186 -175 194 205 210 0
-109 -136 -124 194 206 207 0
-109 -152 -140 194 206 208 0
-109 -169 -157 194 206 209 0
-109 -187 -175 194 206 210 0
-124 -153 -140 194 207 208 0
-124 -170 -157 194 207 209 0
-124 -188 -175 194 207 210 0
-140 -171 -157 194 208 209 0
-140 -189 -175 194 208 210 0
-157 -190 -175 194 209 210 0
-15 -21 -20 195 196 197 0
-15 -27 -26 195 196 198 0
-15 -34 -33 195 196 199 0
-15 -42 -41 195 196 200 0
-15 -51 -50 195 196 201 0
-15 -61 -60 195 196 202 0
-15 -72 -71 195 196 203 0
-15 -84 -83 195 196 204 0
-15 -97 -96 195 196 205 0
-15 -111 -110 195 196 206 0
-15 -126 -125 195 196 207 0
-15 -142 -141 195 196 208 0
-15 -159 -158 195 196 209 0
-15 -177 -176 195 196 210 0
-20 -28 -26 195 197 198 0
-20 -35 -33 195 197 199 0
-20 -43 -41 195 197 200 0
-20 -52 -50 195 197 201 0
-20 -62 -60 195 197 202 0
-20 -73 -71 195 197 203 0
-20 -85 -83 195 197 204 0
-20 -98 -96 195 197 205 0
-20 -112 -110 195 197 206 0
-20 -127 -125 195 197 207 0
-20 -143 -141 195 197 208 0
-20 -160 -158 195 197 209 0
-20 -178 -176 195 197 210 0
-26 -36 -33 195 198 199 0
-26 -44 -41 195 198 200 0
-26 -53 -50 195 198 201 0
-26 -63 -60 195 198 202 0
-26 -74 -71 195 198 203 0
-26 -86 -83 195 198 204 0
-26 -99 -96 195 198 205 0
-26 -113 -110 195 198 206 0
-26 -128 -125 195 198 207 0
-26 -144 -141 195 198 208 0
-26 -161 -158 195 198 209 0
-26 -179 -176 195 198 210 0
-33 -45 -41 195 199 200 0
-33 -54 -50 195 199 201 0
-33 -64 -60 195 199 202 0
-33 -75 -71 195 199 203 0
-33 -87 -83 195 199 204 0
-33 -100 -96 195 199 205 0
-33 -114 -110 195 199 206 0
-33 -129 -125 195 199 207 0
-33 -145 -141 195 199 208 0
-33 -162 -158 195 199 209 0
-33 -180 -176 195 199 210 0
-41 -55 -50 195 200 201 0
-41 -65 -60 195 200 202 0
-41 -76 -71 195 200 203 0
-41 -88 -83 195 200 204 0
-41 -101 -96 195 200 205 0
-41 -115 -110 195 200 206 0
-41 -130 -125 195 200 207 0
-41 -146 -141 195 200 208 0
-41 -163 -158 195 200 209 0
-41 -181 -176 195 200 210 0
-50 -66 -60 195 201 202 0
-50 -77 -71 195 201 203 0
-50 -89 -83 195 201 204 0
-50 -102 -96 195 201 205 0
-50 -116 -110 195 201 206 0
-50 -131 -125 195 201 207 0
-50 -147 -141 195 201 208 0
-50 -164 -158 195 201 209 0
-50 -182 -176 195 201 210 0
-60 -78 -71 195 202 203 0
-60 -90 -83 195 202 204 0
-60 -103 -96 195 202 205 0
-60 -117 -110 195 202 206 0
-60 -132 -125 195 202 207 0
-60 -148 -141 195 202 208 0
-60 -165 -158 195 202 209 0
-60 -183 -176 195 202 210 0
-71 -91 -83 195 203 204 0
-71 -104 -96 195 203 205 0
-71 -118 -110 195 203 206 0
-71 -133 -125 195 203 207 0
-71 -149 -141 195 203 208 0
-71 -166 -158 195 203 209 0
-71 -184 -176 195 203 210 0
-83 -105 -96 195 204 205 0
-83 -119 -110 195 204 206 0
-83 -134 -125 195 204 207 0
-83 -150 -141 195 204 208 0
-83 -167 -158 195 204 209 0
-83 -185 -176 195 204 210 0
-96 -120 -110 195 205 206 0
-96 -135 -125 195 205 207 0
-96 -151 -141 195 205 208 0
-96 -168 -158 195 205 209 0
-96 -186 -176 195 205 210 0
-110 -136 -125 195 206 207 0
-110 -152 -141 195 206 208 0
-110 -169 -158 195 206 209 0
-110 -187 -176 195 206 210 0
-125 -153 -141 195 207 208 0
-125 -170 -158 195 207 209 0
-125 -188 -176 195 207 210 0
-141 -171 -158 195 208 209 0
-141 -189 -176 195 208 210 0
-158 -190 -176 195 209 210 0
-21 -28 -27 196 197 198 0
-21 -35 -34 196 197 199 0
-21 -43 -42 196 197 200 0
-21 -52 -51 196 197 201 0
-21 -62 -61 196 197 202 0
-21 -73 -72 196 197 203 0
-21 -85 -84 196 197 204 0
-21 -98 -97 196 197 205 0
-21 -112 -111 196 197 206 0
-21 -127 -126 196 197 207 0
-21 -143 -142 196 197 208 0
-21 -160 -159 196 197 209 0
-21 -178 -177 196 197 210 0
-27 -36 -34 196 198 199 0
-27 -44 -42 196 198 200 0
-27 -53 -51 196 198 201 0
-27 -63 -61 196 198 202 0
-27 -74 -72 196 198 203 0
-27 -86 -84 196 198 204 0
-27 -99 -97 196 198 205 0
-27 -113 -111 196 198 206 0
-27 -128 -126 196 198 207 0
-27 -144 -142 196 198 208 0
-27 -161 -159 196 198 209 0
-27 -179 -177 196 198 210 0
-34 -45 -42 196 199 200 0
-34 -54 -51 196 199 201 0
-34 -64 -61 196 199 202 0
-34 -75 -72 196 199 203 0
-34 -87 -84 196 199 204 0
-34 -100 -97 196 199 205 0
-34 -114 -111 196 199 206 0
-34 -129 -126 196 199 207 0
-34 -145 -142 196 199 208 0
-34 -162 -159 196 199 209 0
-34 -180 -177 196 199 210 0
-42 -55 -51 196 200 201 0
-42 -65 -61 196 200 202 0
-42 -76 -72 196 200 203 0
-42 -88 -84 196 200 204 0
-42 -101 -97 196 200 205 0
-42 -115 -111 196 200 206 0
-42 -130 -126 196 200 207 0
-42 -146 -142 196 200 208 0
-42 -163 -159 196 200 209 0
-42 -181 -177 196 200 210 0
-51 -66 -61 196 201 202 0
-51 -77 -72 196 201 203 0
-51 -89 -84 196 201 204 0
-51 -102 -97 196 201 205 0
-51 -116 -111 196 201 206 0
-51 -131 -126 196 201 207 0
-51 -147 -142 196 201 208 0
-51 -164 -159 196 201 209 0
-51 -182 -177 196 201 210 0
-61 -78 -72 196 202 203 0
-61 -90 -84 196 202 204 0
-61 -103 -97 196 202 205 0
-61 -117 -111 196 202 206 0
-61 -132 -126 196 202 207 0
-61 -148 -142 196 202 208 0
-61 -165 -159 196 202 209 0
-61 -183 -177 196 202 210 0
-72 -91 -84 196 203 204 0
-72 -104 -97 196 203 205 0
-72 -118 -111 196 203 206 0
-72 -133 -126 196 203 207 0
-72 -149 -142 196 203 208 0
-72 -166 -159 196 203 209 0
-72 -184 -177 196 203 210 0
-84 -105 -97 196 204 205 0
-84 -119 -111 196 204 206 0
-84 -134 -126 196 204 207 0
-84 -150 -142 196 204 208 0
-84 -167 -159 196 204 209 0
-84 -185 -177 196 204 210 0
-97 -120 -111 196 205 206 0
-97 -135 -126 196 205 207 0
-97 -151 -142 196 205 208 0
-97 -168 -159 196 205 209 0
-97 -186 -177 196 205 210 0
-111 -136 -126 196 206 207 0
-111 -152 -142 196 206 208 0
-111 -169 -159 196 206 209 0
-111 -187 -177 196 206 210 0
-126 -153 -142 196 207 208 0
-126 -170 -159 196 207 209 0
-126 -188 -177 196 207 210 0
-142 -171 -159 196 208 209 0
-142 -189 -177 196 208 210 0
-159 -190 -177 196 209 210 0
-28 -36 -35 197 198 199 0
-28 -44 -43 197 198 200 0
-28 -53 -52 197 198 201 0
-28 -63 -62 197 198 202 0
-28 -74 -73 197 198 203 0
-28 -86 -85 197 198 204 0
-28 -99 -98 197 198 205 0
-28 -113 -112 197 198 206 0
-28 -128 -127 197 198 207 0
-28 -144 -143 197 198 208 0
-28 -161 -160 197 198 209 0
-28 -179 -178 197 198 210 0
-35 -45 -43 197 199 200 0
-35 -54 -52 197 199 201 0
-35 -64 -62 197 199 202 0
-35 -75 -73 197 199 203 0
-35 -87 -85 197 199 204 0
-35 -100 -98 197 199 205 0
-35 -114 -112 197 199 206 0
-35 -129 -127 197 199 207 0
-35 -145 -143 197 199 208 0
-35 -162 -160 197 199 209 0
-35 -180 -178 197 199 210 0
-43 -55 -52 197 200 201 0
-43 -65 -62 197 200 202 0
-43 -76 -73 197 200 203 0
-43 -88 -85 197 200 204 0
-43 -101 -98 197 200 205 0
-43 -115 -112 197 200 206 0
-43 -130 -127 197 200 207 0
-43 -146 -143 197 200 208 0
-43 -163 -160 197 200 209 0
-43 -181 -178 197 200 210 0
-52 -66 -62 197 201 202 0
-52 -77 -73 197 201 203 0
-52 -89 -85 197 201 204 0
-52 -102 -98 197 201 205 0
-52 -116 -112 197 201 206 0
-52 -131 -127 197 201 207 0
-52 -147 -143 197 201 208 0
-52 -164 -160 197 201 209 0
-52 -182 -178 197 201 210 0
-62 -78 -73 197 202 203 0
-62 -90 -85 197 202 204 0
-62 -103 -98 197 202 205 0
-62 -117 -112 197 202 206 0
-62 -132 -127 197 202 207 0
-62 -148 -143 197 202 208 0
-62 -165 -160 197 202 209 0
-62 -183 -178 197 202 210 0
-73 -91 -85 197 203 204 0
-73 -104 -98 197 203 205 0
-73 -118 -112 197 203 206 0
-73 -133 -127 197 203 207 0
-73 -149 -143 197 203 208 0
-73 -166 -160 197 203 209 0
-73 -184 -178 197 203 210 0
-85 -105 -98 197 204 205 0
-85 -119 -112 197 204 206 0
-85 -134 -127 197 204 207 0
-85 -150 -143 197 204 208 0
-85 -167 -160 197 204 209 0
-85 -185 -178 197 204 210 0
-98 -120 -112 197 205 206 0
-98 -135 -127 197 205 207 0
-98 -151 -143 197 205 208 0
-98 -168 -160 197 205 209 0
-98 -186 -178 197 205 210 0
-112 -136 -127 197 206 207 0
-112 -152 -143 197 206 208 0
-112 -169 -160 197 206 209 0
-112 -187 -178 197 206 210 0
-127 -153 -143 197 207 208 0
-127 -170 -160 197 207 209 0
-127 -188 -178 197 207 210 0
-143 -171 -160 197 208 209 0
-143 -189 -178 197 208 210 0
-160 -190 -178 197 209 210 0
-36 -45 -44 198 199 200 0
-36 -54 -53 198 199 201 0
-36 -64 -63 198 199 202 0
-36 -75 -74 198 199 203 0
-36 -87 -86 198 199 204 0
-36 -100 -99 198 199 205 0
-36 -114 -113 198 199 206 0
-36 -129 -128 198 199 207 0
-36 -145 -144 198 199 208 0
-36 -162 -161 198 199 209 0
-36 -180 -179 198 199 210 0
-44 -55 -53 198 200 201 0
-44 -65 -63 198 200 202 0
-44 -76 -74 198 200 203 0
-44 -88 -86 198 200 204 0
-44 -101 -99 198 200 205 0
-44 -115 -113 198 200 206 0
-44 -130 -128 198 200 207 0
-44 -146 -144 198 200 208 0
-44 -163 -161 198 200 209 0
-44 -181 -179 198 200 210 0
-53 -66 -63 198 201 202 0
-53 -77 -74 198 201 203 0
-53 -89 -86 198 201 204 0
-53 -102 -99 198 201 205 0
-53 -116 -113 198 201 206 0
-53 -131 -128 198 201 207 0
-53 -147 -144 198 201 208 0
-53 -164 -161 198 201 209 0
-53 -182 -179 198 201 210 0
-63 -78 -74 198 202 203 0
-63 -90 -86 198 202 204 0
-63 -103 -99 198 202 205 0
-63 -117 -113 198 202 206 0
-63 -132 -128 198 202 207 0
-63 -148 -144 198 202 208 0
-63 -165 -161 198 202 209 0
-63 -183 -179 198 202 210 0
-74 -91 -86 198 203 204 0
-74 -104 -99 198 203 205 0
-74 -118 -113 198 203 206 0
-74 -133 -128 198 203 207 0
-74 -149 -144 198 203 208 0
-74 -166 -161 198 203 209 0
-74 -184 -179 198 203 210 0
-86 -105 -99 198 204 205 0
-86 -119 -113 198 204 206 0
-86 -134 -128 198 204 207 0
-86 -150 -144 198 204 208 0
-86 -167 -161 198 204 209 0
-86 -185 -179 198 204 210 0
-99 -120 -113 198 205 206 0
-99 -135 -128 198 205 207 0
-99 -151 -144 198 205 208 0
-99 -168 -161 198 205 209 0
-99 -186 -179 198 205 210 0
-113 -136 -128 198 206 207 0
-113 -152 -144 198 206 208 0
-113 -169 -161 198 206 209 0
-113 -187 -179 198 206 210 0
-128 -153 -144 198 207 208 0
-128 -170 -161 198 207 209 0
-128 -188 -179 198 207 210 0
-144 -171 -161 198 208 209 0
-144 -189 -179 198 208 210 0
-161 -190 -179 198 209 210 0
-45 -55 -54 199 200 201 0
-45 -65 -64 199 200 202 0
-45 -76 -75 199 200 203 0
-45 -88 -87 199 200 204 0
-45 -101 -100 199 200 205 0
-45 -115 -114 199 200 206 0
-45 -130 -129 199 200 207 0
-45 -146 -145 199 200 208 0
-45 -163 -162 199 200 209 0
-45 -181 -180 199 200 210 0
-54 -66 -64 199 201 202 0
-54 -77 -75 199 201 203 0
-54 -89 -87 199 201 204 0
-54 -102 -100 199 201 205 0
-54 -116 -114 199 201 206 0
-54 -131 -129 199 201 207 0
-54 -147 -145 199 201 208 0
-54 -164 -162 199 201 209 0
-54 -182 -180 199 201 210 0
-64 -78 -75 199 202 203 0
-64 -90 -87 199 202 204 0
-64 -103 -100 199 202 205 0
-64 -117 -114 199 202 206 0
-64 -132 -129 199 202 207 0
-64 -148 -145 199 202 208 0
-64 -165 -162 199 202 209 0
-64 -183 -180 199 202 210 0
-75 -91 -87 199 203 204 0
-75 -104 -100 199 203 205 0
-75 -118 -114 199 203 206 0
-75 -133 -129 199 203 207 0
-75 -149 -145 199 203 208 0
-75 -166 -162 199 203 209 0
-75 -184 -180 199 203 210 0
-87 -105 -100 199 204 205 0
-87 -119 -114 199 204 206 0
-87 -134 -129 199 204 207 0
-87 -150 -145 199 204 208 0
-87 -167 -162 199 204 209 0
-87 -185 -180 199 204 210 0
-100 -120 -114 199 205 206 0
-100 -135 -129 199 205 207 0
-100 -151 -145 199 205 208 0
-100 -168 -162 199 205 209 0
-100 -186 -180 199 205 210 0
-114 -136 -129 199 206 207 0
-114 -152 -145 199 206 208 0
-114 -169 -162 199 206 209 0
-114 -187 -180 199 206 210 0
-129 -153 -145 199 207 208 0
-129 -170 -162 199 207 209 0
-129 -188 -180 199 207 210 0
-145 -171 -162 199 208 209 0
-145 -189 -180 199 208 210 0
-162 -190 -180 199 209 210 0
-55 -66 -65 200 201 202 0
-55 -77 -76 200 201 203 0
-55 -89 -88 200 201 204 0
-55 -102 -101 200 201 205 0
-55 -116 -115 200 201 206 0
-55 -131 -130 200 201 207 0
-55 -147 -146 200 201 208 0
-55 -164 -163 200 201 209 0
-55 -182 -181 200 201 210 0
-65 -78 -76 200 202 203 0
-65 -90 -88 200 202 204 0
-65 -103 -101 200 202 205 0
-65 -117 -115 200 202 206 0
-65 -132 -130 200 202 207 0
-65 -148 -146 200 202 208 0
-65 -165 -163 200 202 209 0
-65 -183 -181 200 202 210 0
-76 -91 -88 200 203 204 0
-76 -104 -101 200 203 205 0
-76 -118 -115 200 203 206 0
-76 -133 -130 200 203 207 0
-76 -149 -146 200 203 208 0
-76 -166 -163 200 203 209 0
-76 -184 -181 200 203 210 0
-88 -105 -101 200 204 205 0
-88 -119 -115 200 204 206 0
-88 -134 -130 200 204 207 0
-88 -150 -146 200 204 208 0
-88 -167 -163 200 204 209 0
-88 -185 -181 200 204 210 0
-101 -120 -115 200 205 206 0
-101 -135 -130 200 205 207 0
-101 -151 -146 200 205 208 0
-101 -168 -163 200 205 209 0
-101 -186 -181 200 205 210 0
-115 -136 -130 200 206 207 0
-115 -152 -146 200 206 208 0
-115 -169 -163 200 206 209 0
-115 -187 -181 200 206 210 0
-130 -153 -146 200 207 208 0
-130 -170 -163 200 207 209 0
-130 -188 -181 200 207 210 0
-146 -171 -163 200 208 209 0
-146 -189 -181 200 208 210 0
-163 -190 -181 200 209 210 0
-66 -78 -77 201 202 203 0
-66 -90 -89 201 202 204 0
-66 -103 -102 201 202 205 0
-66 -117 -116 201 202 206 0
-66 -132 -131 201 202 207 0
-66 -148 -147 201 202 208 0
-66 -165 -164 201 202 209 0
-66 -183 -182 201 202 210 0
-77 -91 -89 201 203 204 0
-77 -104 -102 201 203 205 0
-77 -118 -116 201 203 206 0
-77 -133 -131 201 203 207 0
-77 -149 -147 201 203 208 0
-77 -166 -164 201 203 209 0
-77 -184 -182 201 203 210 0
-89 -105 -102 201 204 205 0
-89 -119 -116 201 204 206 0
-89 -134 -131 201 204 207 0
-89 -150 -147 201 204 208 0
-89 -167 -164 201 204 209 0
-89 -185 -182 201 204 210 0
-102 -120 -116 201 205 206 0
-102 -135 -131 201 205 207 0
-102 -151 -147 201 205 208 0
-102 -168 -164 201 205 209 0
-102 -186 -182 201 205 210 0
-116 -136 -131 201 206 207 0
-116 -152 -147 201 206 208 0
-116 -169 -164 201 206 209 0
-116 -187 -182 201 206 210 0
-131 -153 -147 201 207 208 0
-131 -170 -164 201 207 209 0
-131 -188 -182 201 207 210 0
-147 -171 -164 201 208 209 0
-147 -189 -182 201 208 210 0
-164 -190 -182 201 209 210 0
-78 -91 -90 202 203 204 0
-78 -104 -103 202 203 205 0
-78 -118 -117 202 203 206 0
-78 -133 -132 202 203 207 0
-78 -149 -148 202 203 208 0
-78 -166 -165 202 203 209 0
-78 -184 -183 202 203 210 0
-90 -105 -103 202 204 205 0
-90 -119 -117 202 204 206 0
-90 -134 -132 202 204 207 0
-90 -150 -148 202 204 208 0
-90 -167 -165 202 204 209 0
-90 -185 -183 202 204 210 0
-103 -120 -117 202 205 206 0
-103 -135 -132 202 205 207 0
-103 -151 -148 202 205 208 0
-103 -168 -165 202 205 209 0
-103 -186 -183 202 205 210 0
-117 -136 -132 202 206 207 0
-117 -152 -148 202 206 208 0
-117 -169 -165 202 206 209 0
-117 -187 -183 202 206 210 0
-132 -153 -148 202 207 208 0
-132 -170 -165 202 207 209 0
-132 -188 -183 202 207 210 0
-148 -171 -165 202 208 209 0
-148 -189 -183 202 208 210 0
-165 -190 -183 202 209 210 0
-91 -105 -104 203 204 205 0
-91 -119 -118 203 204 206 0
-91 -134 -133 203 204 207 0
-91 -150 -149 203 204 208 0
-91 -167 -166 203 204 209 0
-91 -185 -184 203 204 210 0
-104 -120 -118 203 205 206 0
-104 -135 -133 203 205 207 0
-104 -151 -149 203 205 208 0
-104 -168 -166 203 205 209 0
-104 -186 -184 203 205 210 0
-118 -136 -133 203 206 207 0
-118 -152 -149 203 206 208 0
-118 -169 -166 203 206 209 0
-118 -187 -184 203 206 210 0
-133 -153 -149 203 207 208 0
-133 -170 -166 203 207 209 0
-133 -188 -184 203 207 210 0
-149 -171 -166 203 208 209 0
-149 -189 -184 203 208 210 0
-166 -190 -184 203 209 210 0
-105 -120 -119 204 205 206 0
-105 -135 -134 204 205 207 0
-105 -151 -150 204 205 208 0
-105 -168 -167 204 205 209 0
-105 -186 -185 204 205 210 0
-119 -136 -134 204 206 207 0
-119 -152 -150 204 206 208 0
-119 -169 -167 204 206 209 0
-119 -187 -185 204 206 210 0
-134 -153 -150 204 207 208 0
-134 -170 -167 204 207 209 0
-134 -188 -185 204 207 210 0
-150 -171 -167 204 208 209 0
-150 -189 -185 204 208 210 0
-167 -190 -185 204 209 210 0
-120 -136 -135 205 206 207 0
-120 -152 -151 205 206 208 0
-120 -169 -168 205 206 209 0
-120 -187 -186 205 206 210 0
-135 -153 -151 205 207 208 0
-135 -170 -168 205 207 209 0
-135 -188 -186 205 207 210 0
-151 -171 -168 205 208 209 0
-151 -189 -186 205 208 210 0
-168 -190 -186 205 209 210 0
-136 -153 -152 206 207 208 0
-136 -170 -169 206 207 209 0
-136 -188 -187 206 207 210 0
-152 -171 -169 206 208 209 0
-152 -189 -187 206 208 210 0
-169 -190 -187 206 209 210 0
-153 -171 -170 207 208 209 0
-153 -189 -188 207 208 210 0
-170 -190 -188 207 209 210 0
-171 -190 -189 208 209 210 0
