p cnf 53 383
-1 -4 -3 -6 0
-2 -4 -3 -5 0
-1 -2 -5 -6 0
-1 -7 -3 -9 0
-2 -7 -3 -8 0
-1 -2 -8 -9 0
-1 -11 -3 -13 0
-2 -11 -3 -12 0
-1 -2 -12 -13 0
-1 -7 -5 -10 0
-4 -7 -5 -8 0
-1 -4 -8 -10 0
-1 -11 -5 -14 0
-4 -11 -5 -12 0
-1 -4 -12 -14 0
-1 -11 -8 -15 0
-7 -11 -8 -12 0
-1 -7 -12 -15 0
-2 -7 -6 -10 0
-4 -7 -6 -9 0
-2 -4 -9 -10 0
-2 -11 -6 -14 0
-4 -11 -6 -13 0
-2 -4 -13 -14 0
-2 -11 -9 -15 0
-7 -11 -9 -13 0
-2 -7 -13 -15 0
-4 -11 -10 -15 0
-7 -11 -10 -14 0
-4 -7 -14 -15 0
-3 -8 -6 -10 0
-5 -8 -6 -9 0
-3 -5 -9 -10 0
-3 -12 -6 -14 0
-5 -12 -6 -13 0
-3 -5 -13 -14 0
-3 -12 -9 -15 0
-8 -12 -9 -13 0
-3 -8 -13 -15 0
-5 -12 -10 -15 0
-8 -12 -10 -14 0
-5 -8 -14 -15 0
-6 -13 -10 -15 0
-9 -13 -10 -14 0
-6 -9 -14 -15 0
1 -16 0
3 -16 0
2 -16 0
1 -17 0
5 -17 0
4 -17 0
1 -18 0
8 -18 0
7 -18 0
1 -19 0
12 -19 0
11 -19 0
2 -20 0
6 -20 0
4 -20 0
2 -21 0
9 -21 0
7 -21 0
2 -22 0
13 -22 0
11 -22 0
4 -23 0
10 -23 0
7 -23 0
4 -24 0
14 -24 0
11 -24 0
7 -25 0
15 -25 0
11 -25 0
3 -26 0
6 -26 0
5 -26 0
3 -27 0
9 -27 0
8 -27 0
3 -28 0
13 -28 0
12 -28 0
5 -29 0
10 -29 0
8 -29 0
5 -30 0
14 -30 0
12 -30 0
8 -31 0
15 -31 0
12 -31 0
6 -32 0
10 -32 0
9 -32 0
6 -33 0
14 -33 0
13 -33 0
9 -34 0
15 -34 0
13 -34 0
10 -35 0
15 -35 0
14 -35 0
16 17 18 19 20 21 22 23 24 25 0
16 17 18 19 26 27 28 29 30 31 0
16 20 21 22 26 27 28 32 33 34 0
17 20 23 24 26 29 30 32 33 35 0
18 21 23 25 27 29 31 32 34 35 0
19 22 24 25 28 30 31 33 34 35 0
26 27 28 29 30 31 32 33 34 35 0
20 21 22 23 24 25 32 33 34 35 0
17 18 19 23 24 25 29 30 31 35 0
16 18 19 21 22 25 27 28 31 34 0
16 17 19 20 22 24 26 28 30 33 0
16 17 18 20 21 23 26 27 29 32 0
1 32 33 34 35 0
2 29 30 31 35 0
4 27 28 31 34 0
7 26 28 30 33 0
11 26 27 29 32 0
3 23 24 25 35 0
5 21 22 25 34 0
8 20 22 24 33 0
12 20 21 23 32 0
6 18 19 25 31 0
9 17 19 24 30 0
13 17 18 23 29 0
10 16 19 22 28 0
14 16 18 21 27 0
15 16 17 20 26 0
1 2 3 35 0
1 4 5 34 0
1 7 8 33 0
1 11 12 32 0
2 4 6 31 0
2 7 9 30 0
2 11 13 29 0
4 7 10 28 0
4 11 14 27 0
7 11 15 26 0
3 5 6 25 0
3 8 9 24 0
3 12 13 23 0
5 8 10 22 0
5 12 14 21 0
8 12 15 20 0
6 9 10 19 0
6 13 14 18 0
9 13 15 17 0
10 14 15 16 0
1 2 4 3 5 6 0
1 2 7 3 8 9 0
1 2 11 3 12 13 0
1 4 7 5 8 10 0
1 4 11 5 12 14 0
1 7 11 8 12 15 0
2 4 7 6 9 10 0
2 4 11 6 13 14 0
2 7 11 9 13 15 0
4 7 11 10 14 15 0
3 5 8 6 9 10 0
3 5 12 6 13 14 0
3 8 12 9 13 15 0
5 8 12 10 14 15 0
6 9 13 10 14 15 0
1 2 4 7 3 5 8 6 9 10 0
1 2 4 11 3 5 12 6 13 14 0
1 2 7 11 3 8 12 9 13 15 0
1 4 7 11 5 8 12 10 14 15 0
2 4 7 11 6 9 13 10 14 15 0
3 5 8 12 6 9 13 10 14 15 0
1 2 4 0
1 2 7 0
1 2 11 0
1 4 7 0
1 4 11 0
1 7 11 0
2 4 7 0
2 4 11 0
2 7 11 0
4 7 11 0
1 3 5 0
1 3 8 0
1 3 12 0
1 5 8 0
1 5 12 0
1 8 12 0
3 5 8 0
3 5 12 0
3 8 12 0
5 8 12 0
2 3 6 0
2 3 9 0
2 3 13 0
2 6 9 0
2 6 13 0
2 9 13 0
3 6 9 0
3 6 13 0
3 9 13 0
6 9 13 0
4 5 6 0
4 5 10 0
4 5 14 0
4 6 10 0
4 6 14 0
4 10 14 0
5 6 10 0
5 6 14 0
5 10 14 0
6 10 14 0
7 8 9 0
7 8 10 0
7 8 15 0
7 9 10 0
7 9 15 0
7 10 15 0
8 9 10 0
8 9 15 0
8 10 15 0
9 10 15 0
11 12 13 0
11 12 14 0
11 12 15 0
11 13 14 0
11 13 15 0
11 14 15 0
12 13 14 0
12 13 15 0
12 14 15 0
13 14 15 0
-37 38 0
-37 51 0
51 38 0
-51 40 -39 0
-51 -39 52 0
-51 40 52 0
-52 43 -42 0
-52 53 -42 0
-52 43 53 0
-53 -46 47 0
-36 38 0
-36 51 0
51 38 0
-51 -39 41 0
-51 -39 52 0
-51 41 52 0
-52 44 -42 0
-52 53 -42 0
-52 44 53 0
-53 48 -46 0
-36 37 0
-36 51 0
51 37 0
-51 -40 41 0
-51 -40 52 0
-51 41 52 0
-52 44 -43 0
-52 53 -43 0
-52 44 53 0
-53 48 -47 0
-36 40 0
-36 51 0
40 51 0
-51 41 -37 0
-51 -37 52 0
-51 41 52 0
-52 45 -42 0
-52 53 -42 0
-52 53 45 0
-53 49 -46 0
-36 39 0
-36 51 0
51 39 0
-51 41 -38 0
-51 -38 52 0
-51 41 52 0
-52 45 -43 0
-52 53 -43 0
-52 53 45 0
-53 -47 49 0
-37 39 0
-37 51 0
51 39 0
-51 40 -38 0
-51 -38 52 0
-51 40 52 0
-52 -44 45 0
-52 -44 53 0
-52 53 45 0
-53 -48 49 0
-36 43 0
-36 51 0
51 43 0
-51 -37 44 0
-51 -37 52 0
-51 44 52 0
-52 -39 45 0
-52 -39 53 0
-52 53 45 0
-53 -46 50 0
-36 42 0
-36 51 0
42 51 0
-51 -38 44 0
-51 -38 52 0
-51 44 52 0
-52 -40 45 0
-52 -40 53 0
-52 53 45 0
-53 -47 50 0
-37 42 0
-37 51 0
42 51 0
-51 -38 43 0
-51 -38 52 0
-51 43 52 0
-52 45 -41 0
-52 53 -41 0
-52 53 45 0
-53 -48 50 0
-39 42 0
-39 51 0
42 51 0
-51 -40 43 0
-51 -40 52 0
-51 43 52 0
-52 44 -41 0
-52 53 -41 0
-52 44 53 0
-53 50 -49 0
-36 47 0
-36 51 0
51 47 0
-51 48 -37 0
-51 -37 52 0
-51 48 52 0
-52 -39 49 0
-52 -39 53 0
-52 49 53 0
-53 50 -42 0
-36 46 0
-36 51 0
51 46 0
-51 48 -38 0
-51 -38 52 0
-51 48 52 0
-52 -40 49 0
-52 -40 53 0
-52 49 53 0
-53 50 -43 0
-37 46 0
-37 51 0
51 46 0
-51 -38 47 0
-51 -38 52 0
-51 52 47 0
-52 49 -41 0
-52 53 -41 0
-52 49 53 0
-53 50 -44 0
-39 46 0
-39 51 0
51 46 0
-51 -40 47 0
-51 -40 52 0
-51 52 47 0
-52 48 -41 0
-52 53 -41 0
-52 48 53 0
-53 50 -45 0
-42 46 0
-42 51 0
51 46 0
-51 -43 47 0
-51 52 -43 0
-51 52 47 0
-52 48 -44 0
-52 -44 53 0
-52 48 53 0
-53 49 -45 0
