p cnf 40 180
-1 -4 -3 -6 0
-2 -4 -3 -5 0
-1 -2 -5 -6 0
-1 -7 -3 -9 0
-2 -7 -3 -8 0
-1 -2 -8 -9 0
-1 -7 -5 -10 0
-4 -7 -5 -8 0
-1 -4 -8 -10 0
-2 -7 -6 -10 0
-4 -7 -6 -9 0
-2 -4 -9 -10 0
-3 -8 -6 -10 0
-5 -8 -6 -9 0
-3 -5 -9 -10 0
1 -11 0
3 -11 0
2 -11 0
1 -12 0
5 -12 0
4 -12 0
1 -13 0
8 -13 0
7 -13 0
2 -14 0
6 -14 0
4 -14 0
2 -15 0
9 -15 0
7 -15 0
4 -16 0
10 -16 0
7 -16 0
3 -17 0
6 -17 0
5 -17 0
3 -18 0
9 -18 0
8 -18 0
5 -19 0
10 -19 0
8 -19 0
6 -20 0
10 -20 0
9 -20 0
11 12 13 14 15 16 0
11 12 13 17 18 19 0
11 14 15 17 18 20 0
12 14 16 17 19 20 0
13 15 16 18 19 20 0
17 18 19 20 0
14 15 16 20 0
12 13 16 19 0
11 13 15 18 0
11 12 14 17 0
1 20 0
2 19 0
4 18 0
7 17 0
3 16 0
5 15 0
8 14 0
6 13 0
9 12 0
10 11 0
1 2 3 0
1 4 5 0
1 7 8 0
2 4 6 0
2 7 9 0
4 7 10 0
3 5 6 0
3 8 9 0
5 8 10 0
6 9 10 0
1 2 4 3 5 6 0
1 2 7 3 8 9 0
1 4 7 5 8 10 0
2 4 7 6 9 10 0
3 5 8 6 9 10 0
1 2 0
1 4 0
1 7 0
2 4 0
2 7 0
4 7 0
1 3 0
1 5 0
1 8 0
3 5 0
3 8 0
5 8 0
2 3 0
2 6 0
2 9 0
3 6 0
3 9 0
6 9 0
4 5 0
4 6 0
4 10 0
5 6 0
5 10 0
6 10 0
7 8 0
7 9 0
7 10 0
8 9 0
8 10 0
9 10 0
-2 3 0
-2 21 0
3 21 0
-4 5 -21 0
-4 22 -21 0
5 22 -21 0
-7 8 -22 0
-1 3 0
-1 23 0
3 23 0
-4 6 -23 0
-4 24 -23 0
6 24 -23 0
-7 9 -24 0
-1 5 0
-1 25 0
5 25 0
-2 6 -25 0
-2 26 -25 0
6 26 -25 0
-7 10 -26 0
-1 8 0
-1 27 0
8 27 0
-2 9 -27 0
-2 28 -27 0
9 28 -27 0
-4 10 -28 0
-1 2 0
-1 29 0
2 29 0
-5 6 -29 0
-5 30 -29 0
6 30 -29 0
-8 9 -30 0
-1 4 0
-1 31 0
4 31 0
-3 6 -31 0
-3 32 -31 0
6 32 -31 0
-8 10 -32 0
-1 7 0
-1 33 0
7 33 0
-3 9 -33 0
-3 34 -33 0
9 34 -33 0
-5 10 -34 0
-2 4 0
-2 35 0
4 35 0
-3 5 -35 0
-3 36 -35 0
5 36 -35 0
-9 10 -36 0
-2 7 0
-2 37 0
7 37 0
-3 8 -37 0
-3 38 -37 0
8 38 -37 0
-6 10 -38 0
-4 7 0
-4 39 0
7 39 0
-5 8 -39 0
-5 40 -39 0
8 40 -39 0
-6 9 -40 0
