p cnf 50 210
-1 -4 -3 -6 0
-2 -4 -3 -5 0
-1 -2 -5 -6 0
-1 -7 -3 -9 0
-2 -7 -3 -8 0
-1 -2 -8 -9 0
-1 -7 -5 -10 0
-4 -7 -5 -8 0
-1 -4 -8 -10 0
-2 -7 -6 -10 0
-4 -7 -6 -9 0
-2 -4 -9 -10 0
-3 -8 -6 -10 0
-5 -8 -6 -9 0
-3 -5 -9 -10 0
1 -11 0
3 -11 0
2 -11 0
1 -12 0
5 -12 0
4 -12 0
1 -13 0
8 -13 0
7 -13 0
2 -14 0
6 -14 0
4 -14 0
2 -15 0
9 -15 0
7 -15 0
4 -16 0
10 -16 0
7 -16 0
3 -17 0
6 -17 0
5 -17 0
3 -18 0
9 -18 0
8 -18 0
5 -19 0
10 -19 0
8 -19 0
6 -20 0
10 -20 0
9 -20 0
11 12 13 14 15 16 0
11 12 13 17 18 19 0
11 14 15 17 18 20 0
12 14 16 17 19 20 0
13 15 16 18 19 20 0
17 18 19 20 0
14 15 16 20 0
12 13 16 19 0
11 13 15 18 0
11 12 14 17 0
1 20 0
2 19 0
4 18 0
7 17 0
3 16 0
5 15 0
8 14 0
6 13 0
9 12 0
10 11 0
1 2 3 0
1 4 5 0
1 7 8 0
2 4 6 0
2 7 9 0
4 7 10 0
3 5 6 0
3 8 9 0
5 8 10 0
6 9 10 0
1 2 4 3 5 6 0
1 2 7 3 8 9 0
1 4 7 5 8 10 0
2 4 7 6 9 10 0
3 5 8 6 9 10 0
1 2 0
1 4 0
1 7 0
2 4 0
2 7 0
4 7 0
1 3 0
1 5 0
1 8 0
3 5 0
3 8 0
5 8 0
2 3 0
2 6 0
2 9 0
3 6 0
3 9 0
6 9 0
4 5 0
4 6 0
4 10 0
5 6 0
5 10 0
6 10 0
7 8 0
7 9 0
7 10 0
8 9 0
8 10 0
9 10 0
-2 3 0
-2 21 0
3 21 0
-4 5 -22 0
-4 22 -21 0
5 22 -21 0
-7 8 -23 0
-7 23 -22 0
8 23 -22 0
-7 8 -23 0
-1 3 0
-1 24 0
3 24 0
-4 6 -25 0
-4 25 -24 0
6 25 -24 0
-7 9 -26 0
-7 26 -25 0
9 26 -25 0
-7 9 -26 0
-1 5 0
-1 27 0
5 27 0
-2 6 -28 0
-2 28 -27 0
6 28 -27 0
-7 10 -29 0
-7 29 -28 0
10 29 -28 0
-7 10 -29 0
-1 8 0
-1 30 0
8 30 0
-2 9 -31 0
-2 31 -30 0
9 31 -30 0
-4 10 -32 0
-4 32 -31 0
10 32 -31 0
-4 10 -32 0
-1 2 0
-1 33 0
2 33 0
-5 6 -34 0
-5 34 -33 0
6 34 -33 0
-8 9 -35 0
-8 35 -34 0
9 35 -34 0
-8 9 -35 0
-1 4 0
-1 36 0
4 36 0
-3 6 -37 0
-3 37 -36 0
6 37 -36 0
-8 10 -38 0
-8 38 -37 0
10 38 -37 0
-8 10 -38 0
-1 7 0
-1 39 0
7 39 0
-3 9 -40 0
-3 40 -39 0
9 40 -39 0
-5 10 -41 0
-5 41 -40 0
10 41 -40 0
-5 10 -41 0
-2 4 0
-2 42 0
4 42 0
-3 5 -43 0
-3 43 -42 0
5 43 -42 0
-9 10 -44 0
-9 44 -43 0
10 44 -43 0
-9 10 -44 0
-2 7 0
-2 45 0
7 45 0
-3 8 -46 0
-3 46 -45 0
8 46 -45 0
-6 10 -47 0
-6 47 -46 0
10 47 -46 0
-6 10 -47 0
-4 7 0
-4 48 0
7 48 0
-5 8 -49 0
-5 49 -48 0
8 49 -48 0
-6 9 -50 0
-6 50 -49 0
9 50 -49 0
-6 9 -50 0
