p cnf 22 87
-1 -4 -3 -6 0
-2 -4 -3 -5 0
-1 -2 -5 -6 0
1 -7 0
3 -7 0
2 -7 0
1 -8 0
5 -8 0
4 -8 0
2 -9 0
6 -9 0
4 -9 0
3 -10 0
6 -10 0
5 -10 0
7 8 9 0
7 8 10 0
7 9 10 0
8 9 10 0
10 0
9 0
8 0
7 0
1 0
2 0
4 0
3 0
5 0
6 0
1 2 3 0
1 4 5 0
2 4 6 0
3 5 6 0
1 0
2 0
4 0
1 0
3 0
5 0
2 0
3 0
6 0
4 0
5 0
6 0
-2 3 0
-2 11 0
3 11 0
-4 5 -6 0
-4 6 -11 0
5 6 -11 0
-4 5 -6 0
-1 3 0
-1 13 0
3 13 0
-4 6 -14 0
-4 14 -13 0
6 14 -13 0
-4 6 -14 0
-1 5 0
-1 15 0
5 15 0
-2 6 -16 0
-2 16 -15 0
6 16 -15 0
-2 6 -16 0
-1 2 0
-1 17 0
2 17 0
-5 6 -18 0
-5 18 -17 0
6 18 -17 0
-5 6 -18 0
-1 4 0
-1 19 0
4 19 0
-3 6 -20 0
-3 20 -19 0
6 20 -19 0
-3 6 -20 0
-2 4 0
-2 21 0
4 21 0
-3 5 -22 0
-3 22 -21 0
5 22 -21 0
-3 5 -22 0
