p cnf 55 990
-1 -4 -3 -6 0
-2 -4 -3 -5 0
-1 -2 -5 -6 0
-1 -7 -3 -9 0
-2 -7 -3 -8 0
-1 -2 -8 -9 0
-1 -11 -3 -13 0
-2 -11 -3 -12 0
-1 -2 -12 -13 0
-1 -16 -3 -18 0
-2 -16 -3 -17 0
-1 -2 -17 -18 0
-1 -22 -3 -24 0
-2 -22 -3 -23 0
-1 -2 -23 -24 0
-1 -29 -3 -31 0
-2 -29 -3 -30 0
-1 -2 -30 -31 0
-1 -37 -3 -39 0
-2 -37 -3 -38 0
-1 -2 -38 -39 0
-1 -46 -3 -48 0
-2 -46 -3 -47 0
-1 -2 -47 -48 0
-1 -7 -5 -10 0
-4 -7 -5 -8 0
-1 -4 -8 -10 0
-1 -11 -5 -14 0
-4 -11 -5 -12 0
-1 -4 -12 -14 0
-1 -16 -5 -19 0
-4 -16 -5 -17 0
-1 -4 -17 -19 0
-1 -22 -5 -25 0
-4 -22 -5 -23 0
-1 -4 -23 -25 0
-1 -29 -5 -32 0
-4 -29 -5 -30 0
-1 -4 -30 -32 0
-1 -37 -5 -40 0
-4 -37 -5 -38 0
-1 -4 -38 -40 0
-1 -46 -5 -49 0
-4 -46 -5 -47 0
-1 -4 -47 -49 0
-1 -11 -8 -15 0
-7 -11 -8 -12 0
-1 -7 -12 -15 0
-1 -16 -8 -20 0
-7 -16 -8 -17 0
-1 -7 -17 -20 0
-1 -22 -8 -26 0
-7 -22 -8 -23 0
-1 -7 -23 -26 0
-1 -29 -8 -33 0
-7 -29 -8 -30 0
-1 -7 -30 -33 0
-1 -37 -8 -41 0
-7 -37 -8 -38 0
-1 -7 -38 -41 0
-1 -46 -8 -50 0
-7 -46 -8 -47 0
-1 -7 -47 -50 0
-1 -16 -12 -21 0
-11 -16 -12 -17 0
-1 -11 -17 -21 0
-1 -22 -12 -27 0
-11 -22 -12 -23 0
-1 -11 -23 -27 0
-1 -29 -12 -34 0
-11 -29 -12 -30 0
-1 -11 -30 -34 0
-1 -37 -12 -42 0
-11 -37 -12 -38 0
-1 -11 -38 -42 0
-1 -46 -12 -51 0
-11 -46 -12 -47 0
-1 -11 -47 -51 0
-1 -22 -17 -28 0
-16 -22 -17 -23 0
-1 -16 -23 -28 0
-1 -29 -17 -35 0
-16 -29 -17 -30 0
-1 -16 -30 -35 0
-1 -37 -17 -43 0
-16 -37 -17 -38 0
-1 -16 -38 -43 0
-1 -46 -17 -52 0
-16 -46 -17 -47 0
-1 -16 -47 -52 0
-1 -29 -23 -36 0
-22 -29 -23 -30 0
-1 -22 -30 -36 0
-1 -37 -23 -44 0
-22 -37 -23 -38 0
-1 -22 -38 -44 0
-1 -46 -23 -53 0
-22 -46 -23 -47 0
-1 -22 -47 -53 0
-1 -37 -30 -45 0
-29 -37 -30 -38 0
-1 -29 -38 -45 0
-1 -46 -30 -54 0
-29 -46 -30 -47 0
-1 -29 -47 -54 0
-1 -46 -38 -55 0
-37 -46 -38 -47 0
-1 -37 -47 -55 0
-2 -7 -6 -10 0
-4 -7 -6 -9 0
-2 -4 -9 -10 0
-2 -11 -6 -14 0
-4 -11 -6 -13 0
-2 -4 -13 -14 0
-2 -16 -6 -19 0
-4 -16 -6 -18 0
-2 -4 -18 -19 0
-2 -22 -6 -25 0
-4 -22 -6 -24 0
-2 -4 -24 -25 0
-2 -29 -6 -32 0
-4 -29 -6 -31 0
-2 -4 -31 -32 0
-2 -37 -6 -40 0
-4 -37 -6 -39 0
-2 -4 -39 -40 0
-2 -46 -6 -49 0
-4 -46 -6 -48 0
-2 -4 -48 -49 0
-2 -11 -9 -15 0
-7 -11 -9 -13 0
-2 -7 -13 -15 0
-2 -16 -9 -20 0
-7 -16 -9 -18 0
-2 -7 -18 -20 0
-2 -22 -9 -26 0
-7 -22 -9 -24 0
-2 -7 -24 -26 0
-2 -29 -9 -33 0
-7 -29 -9 -31 0
-2 -7 -31 -33 0
-2 -37 -9 -41 0
-7 -37 -9 -39 0
-2 -7 -39 -41 0
-2 -46 -9 -50 0
-7 -46 -9 -48 0
-2 -7 -48 -50 0
-2 -16 -13 -21 0
-11 -16 -13 -18 0
-2 -11 -18 -21 0
-2 -22 -13 -27 0
-11 -22 -13 -24 0
-2 -11 -24 -27 0
-2 -29 -13 -34 0
-11 -29 -13 -31 0
-2 -11 -31 -34 0
-2 -37 -13 -42 0
-11 -37 -13 -39 0
-2 -11 -39 -42 0
-2 -46 -13 -51 0
-11 -46 -13 -48 0
-2 -11 -48 -51 0
-2 -22 -18 -28 0
-16 -22 -18 -24 0
-2 -16 -24 -28 0
-2 -29 -18 -35 0
-16 -29 -18 -31 0
-2 -16 -31 -35 0
-2 -37 -18 -43 0
-16 -37 -18 -39 0
-2 -16 -39 -43 0
-2 -46 -18 -52 0
-16 -46 -18 -48 0
-2 -16 -48 -52 0
-2 -29 -24 -36 0
-22 -29 -24 -31 0
-2 -22 -31 -36 0
-2 -37 -24 -44 0
-22 -37 -24 -39 0
-2 -22 -39 -44 0
-2 -46 -24 -53 0
-22 -46 -24 -48 0
-2 -22 -48 -53 0
-2 -37 -31 -45 0
-29 -37 -31 -39 0
-2 -29 -39 -45 0
-2 -46 -31 -54 0
-29 -46 -31 -48 0
-2 -29 -48 -54 0
-2 -46 -39 -55 0
-37 -46 -39 -48 0
-2 -37 -48 -55 0
-4 -11 -10 -15 0
-7 -11 -10 -14 0
-4 -7 -14 -15 0
-4 -16 -10 -20 0
-7 -16 -10 -19 0
-4 -7 -19 -20 0
-4 -22 -10 -26 0
-7 -22 -10 -25 0
-4 -7 -25 -26 0
-4 -29 -10 -33 0
-7 -29 -10 -32 0
-4 -7 -32 -33 0
-4 -37 -10 -41 0
-7 -37 -10 -40 0
-4 -7 -40 -41 0
-4 -46 -10 -50 0
-7 -46 -10 -49 0
-4 -7 -49 -50 0
-4 -16 -14 -21 0
-11 -16 -14 -19 0
-4 -11 -19 -21 0
-4 -22 -14 -27 0
-11 -22 -14 -25 0
-4 -11 -25 -27 0
-4 -29 -14 -34 0
-11 -29 -14 -32 0
-4 -11 -32 -34 0
-4 -37 -14 -42 0
-11 -37 -14 -40 0
-4 -11 -40 -42 0
-4 -46 -14 -51 0
-11 -46 -14 -49 0
-4 -11 -49 -51 0
-4 -22 -19 -28 0
-16 -22 -19 -25 0
-4 -16 -25 -28 0
-4 -29 -19 -35 0
-16 -29 -19 -32 0
-4 -16 -32 -35 0
-4 -37 -19 -43 0
-16 -37 -19 -40 0
-4 -16 -40 -43 0
-4 -46 -19 -52 0
-16 -46 -19 -49 0
-4 -16 -49 -52 0
-4 -29 -25 -36 0
-22 -29 -25 -32 0
-4 -22 -32 -36 0
-4 -37 -25 -44 0
-22 -37 -25 -40 0
-4 -22 -40 -44 0
-4 -46 -25 -53 0
-22 -46 -25 -49 0
-4 -22 -49 -53 0
-4 -37 -32 -45 0
-29 -37 -32 -40 0
-4 -29 -40 -45 0
-4 -46 -32 -54 0
-29 -46 -32 -49 0
-4 -29 -49 -54 0
-4 -46 -40 -55 0
-37 -46 -40 -49 0
-4 -37 -49 -55 0
-7 -16 -15 -21 0
-11 -16 -15 -20 0
-7 -11 -20 -21 0
-7 -22 -15 -27 0
-11 -22 -15 -26 0
-7 -11 -26 -27 0
-7 -29 -15 -34 0
-11 -29 -15 -33 0
-7 -11 -33 -34 0
-7 -37 -15 -42 0
-11 -37 -15 -41 0
-7 -11 -41 -42 0
-7 -46 -15 -51 0
-11 -46 -15 -50 0
-7 -11 -50 -51 0
-7 -22 -20 -28 0
-16 -22 -20 -26 0
-7 -16 -26 -28 0
-7 -29 -20 -35 0
-16 -29 -20 -33 0
-7 -16 -33 -35 0
-7 -37 -20 -43 0
-16 -37 -20 -41 0
-7 -16 -41 -43 0
-7 -46 -20 -52 0
-16 -46 -20 -50 0
-7 -16 -50 -52 0
-7 -29 -26 -36 0
-22 -29 -26 -33 0
-7 -22 -33 -36 0
-7 -37 -26 -44 0
-22 -37 -26 -41 0
-7 -22 -41 -44 0
-7 -46 -26 -53 0
-22 -46 -26 -50 0
-7 -22 -50 -53 0
-7 -37 -33 -45 0
-29 -37 -33 -41 0
-7 -29 -41 -45 0
-7 -46 -33 -54 0
-29 -46 -33 -50 0
-7 -29 -50 -54 0
-7 -46 -41 -55 0
-37 -46 -41 -50 0
-7 -37 -50 -55 0
-11 -22 -21 -28 0
-16 -22 -21 -27 0
-11 -16 -27 -28 0
-11 -29 -21 -35 0
-16 -29 -21 -34 0
-11 -16 -34 -35 0
-11 -37 -21 -43 0
-16 -37 -21 -42 0
-11 -16 -42 -43 0
-11 -46 -21 -52 0
-16 -46 -21 -51 0
-11 -16 -51 -52 0
-11 -29 -27 -36 0
-22 -29 -27 -34 0
-11 -22 -34 -36 0
-11 -37 -27 -44 0
-22 -37 -27 -42 0
-11 -22 -42 -44 0
-11 -46 -27 -53 0
-22 -46 -27 -51 0
-11 -22 -51 -53 0
-11 -37 -34 -45 0
-29 -37 -34 -42 0
-11 -29 -42 -45 0
-11 -46 -34 -54 0
-29 -46 -34 -51 0
-11 -29 -51 -54 0
-11 -46 -42 -55 0
-37 -46 -42 -51 0
-11 -37 -51 -55 0
-16 -29 -28 -36 0
-22 -29 -28 -35 0
-16 -22 -35 -36 0
-16 -37 -28 -44 0
-22 -37 -28 -43 0
-16 -22 -43 -44 0
-16 -46 -28 -53 0
-22 -46 -28 -52 0
-16 -22 -52 -53 0
-16 -37 -35 -45 0
-29 -37 -35 -43 0
-16 -29 -43 -45 0
-16 -46 -35 -54 0
-29 -46 -35 -52 0
-16 -29 -52 -54 0
-16 -46 -43 -55 0
-37 -46 -43 -52 0
-16 -37 -52 -55 0
-22 -37 -36 -45 0
-29 -37 -36 -44 0
-22 -29 -44 -45 0
-22 -46 -36 -54 0
-29 -46 -36 -53 0
-22 -29 -53 -54 0
-22 -46 -44 -55 0
-37 -46 -44 -53 0
-22 -37 -53 -55 0
-29 -46 -45 -55 0
-37 -46 -45 -54 0
-29 -37 -54 -55 0
-3 -8 -6 -10 0
-5 -8 -6 -9 0
-3 -5 -9 -10 0
-3 -12 -6 -14 0
-5 -12 -6 -13 0
-3 -5 -13 -14 0
-3 -17 -6 -19 0
-5 -17 -6 -18 0
-3 -5 -18 -19 0
-3 -23 -6 -25 0
-5 -23 -6 -24 0
-3 -5 -24 -25 0
-3 -30 -6 -32 0
-5 -30 -6 -31 0
-3 -5 -31 -32 0
-3 -38 -6 -40 0
-5 -38 -6 -39 0
-3 -5 -39 -40 0
-3 -47 -6 -49 0
-5 -47 -6 -48 0
-3 -5 -48 -49 0
-3 -12 -9 -15 0
-8 -12 -9 -13 0
-3 -8 -13 -15 0
-3 -17 -9 -20 0
-8 -17 -9 -18 0
-3 -8 -18 -20 0
-3 -23 -9 -26 0
-8 -23 -9 -24 0
-3 -8 -24 -26 0
-3 -30 -9 -33 0
-8 -30 -9 -31 0
-3 -8 -31 -33 0
-3 -38 -9 -41 0
-8 -38 -9 -39 0
-3 -8 -39 -41 0
-3 -47 -9 -50 0
-8 -47 -9 -48 0
-3 -8 -48 -50 0
-3 -17 -13 -21 0
-12 -17 -13 -18 0
-3 -12 -18 -21 0
-3 -23 -13 -27 0
-12 -23 -13 -24 0
-3 -12 -24 -27 0
-3 -30 -13 -34 0
-12 -30 -13 -31 0
-3 -12 -31 -34 0
-3 -38 -13 -42 0
-12 -38 -13 -39 0
-3 -12 -39 -42 0
-3 -47 -13 -51 0
-12 -47 -13 -48 0
-3 -12 -48 -51 0
-3 -23 -18 -28 0
-17 -23 -18 -24 0
-3 -17 -24 -28 0
-3 -30 -18 -35 0
-17 -30 -18 -31 0
-3 -17 -31 -35 0
-3 -38 -18 -43 0
-17 -38 -18 -39 0
-3 -17 -39 -43 0
-3 -47 -18 -52 0
-17 -47 -18 -48 0
-3 -17 -48 -52 0
-3 -30 -24 -36 0
-23 -30 -24 -31 0
-3 -23 -31 -36 0
-3 -38 -24 -44 0
-23 -38 -24 -39 0
-3 -23 -39 -44 0
-3 -47 -24 -53 0
-23 -47 -24 -48 0
-3 -23 -48 -53 0
-3 -38 -31 -45 0
-30 -38 -31 -39 0
-3 -30 -39 -45 0
-3 -47 -31 -54 0
-30 -47 -31 -48 0
-3 -30 -48 -54 0
-3 -47 -39 -55 0
-38 -47 -39 -48 0
-3 -38 -48 -55 0
-5 -12 -10 -15 0
-8 -12 -10 -14 0
-5 -8 -14 -15 0
-5 -17 -10 -20 0
-8 -17 -10 -19 0
-5 -8 -19 -20 0
-5 -23 -10 -26 0
-8 -23 -10 -25 0
-5 -8 -25 -26 0
-5 -30 -10 -33 0
-8 -30 -10 -32 0
-5 -8 -32 -33 0
-5 -38 -10 -41 0
-8 -38 -10 -40 0
-5 -8 -40 -41 0
-5 -47 -10 -50 0
-8 -47 -10 -49 0
-5 -8 -49 -50 0
-5 -17 -14 -21 0
-12 -17 -14 -19 0
-5 -12 -19 -21 0
-5 -23 -14 -27 0
-12 -23 -14 -25 0
-5 -12 -25 -27 0
-5 -30 -14 -34 0
-12 -30 -14 -32 0
-5 -12 -32 -34 0
-5 -38 -14 -42 0
-12 -38 -14 -40 0
-5 -12 -40 -42 0
-5 -47 -14 -51 0
-12 -47 -14 -49 0
-5 -12 -49 -51 0
-5 -23 -19 -28 0
-17 -23 -19 -25 0
-5 -17 -25 -28 0
-5 -30 -19 -35 0
-17 -30 -19 -32 0
-5 -17 -32 -35 0
-5 -38 -19 -43 0
-17 -38 -19 -40 0
-5 -17 -40 -43 0
-5 -47 -19 -52 0
-17 -47 -19 -49 0
-5 -17 -49 -52 0
-5 -30 -25 -36 0
-23 -30 -25 -32 0
-5 -23 -32 -36 0
-5 -38 -25 -44 0
-23 -38 -25 -40 0
-5 -23 -40 -44 0
-5 -47 -25 -53 0
-23 -47 -25 -49 0
-5 -23 -49 -53 0
-5 -38 -32 -45 0
-30 -38 -32 -40 0
-5 -30 -40 -45 0
-5 -47 -32 -54 0
-30 -47 -32 -49 0
-5 -30 -49 -54 0
-5 -47 -40 -55 0
-38 -47 -40 -49 0
-5 -38 -49 -55 0
-8 -17 -15 -21 0
-12 -17 -15 -20 0
-8 -12 -20 -21 0
-8 -23 -15 -27 0
-12 -23 -15 -26 0
-8 -12 -26 -27 0
-8 -30 -15 -34 0
-12 -30 -15 -33 0
-8 -12 -33 -34 0
-8 -38 -15 -42 0
-12 -38 -15 -41 0
-8 -12 -41 -42 0
-8 -47 -15 -51 0
-12 -47 -15 -50 0
-8 -12 -50 -51 0
-8 -23 -20 -28 0
-17 -23 -20 -26 0
-8 -17 -26 -28 0
-8 -30 -20 -35 0
-17 -30 -20 -33 0
-8 -17 -33 -35 0
-8 -38 -20 -43 0
-17 -38 -20 -41 0
-8 -17 -41 -43 0
-8 -47 -20 -52 0
-17 -47 -20 -50 0
-8 -17 -50 -52 0
-8 -30 -26 -36 0
-23 -30 -26 -33 0
-8 -23 -33 -36 0
-8 -38 -26 -44 0
-23 -38 -26 -41 0
-8 -23 -41 -44 0
-8 -47 -26 -53 0
-23 -47 -26 -50 0
-8 -23 -50 -53 0
-8 -38 -33 -45 0
-30 -38 -33 -41 0
-8 -30 -41 -45 0
-8 -47 -33 -54 0
-30 -47 -33 -50 0
-8 -30 -50 -54 0
-8 -47 -41 -55 0
-38 -47 -41 -50 0
-8 -38 -50 -55 0
-12 -23 -21 -28 0
-17 -23 -21 -27 0
-12 -17 -27 -28 0
-12 -30 -21 -35 0
-17 -30 -21 -34 0
-12 -17 -34 -35 0
-12 -38 -21 -43 0
-17 -38 -21 -42 0
-12 -17 -42 -43 0
-12 -47 -21 -52 0
-17 -47 -21 -51 0
-12 -17 -51 -52 0
-12 -30 -27 -36 0
-23 -30 -27 -34 0
-12 -23 -34 -36 0
-12 -38 -27 -44 0
-23 -38 -27 -42 0
-12 -23 -42 -44 0
-12 -47 -27 -53 0
-23 -47 -27 -51 0
-12 -23 -51 -53 0
-12 -38 -34 -45 0
-30 -38 -34 -42 0
-12 -30 -42 -45 0
-12 -47 -34 -54 0
-30 -47 -34 -51 0
-12 -30 -51 -54 0
-12 -47 -42 -55 0
-38 -47 -42 -51 0
-12 -38 -51 -55 0
-17 -30 -28 -36 0
-23 -30 -28 -35 0
-17 -23 -35 -36 0
-17 -38 -28 -44 0
-23 -38 -28 -43 0
-17 -23 -43 -44 0
-17 -47 -28 -53 0
-23 -47 -28 -52 0
-17 -23 -52 -53 0
-17 -38 -35 -45 0
-30 -38 -35 -43 0
-17 -30 -43 -45 0
-17 -47 -35 -54 0
-30 -47 -35 -52 0
-17 -30 -52 -54 0
-17 -47 -43 -55 0
-38 -47 -43 -52 0
-17 -38 -52 -55 0
-23 -38 -36 -45 0
-30 -38 -36 -44 0
-23 -30 -44 -45 0
-23 -47 -36 -54 0
-30 -47 -36 -53 0
-23 -30 -53 -54 0
-23 -47 -44 -55 0
-38 -47 -44 -53 0
-23 -38 -53 -55 0
-30 -47 -45 -55 0
-38 -47 -45 -54 0
-30 -38 -54 -55 0
-6 -13 -10 -15 0
-9 -13 -10 -14 0
-6 -9 -14 -15 0
-6 -18 -10 -20 0
-9 -18 -10 -19 0
-6 -9 -19 -20 0
-6 -24 -10 -26 0
-9 -24 -10 -25 0
-6 -9 -25 -26 0
-6 -31 -10 -33 0
-9 -31 -10 -32 0
-6 -9 -32 -33 0
-6 -39 -10 -41 0
-9 -39 -10 -40 0
-6 -9 -40 -41 0
-6 -48 -10 -50 0
-9 -48 -10 -49 0
-6 -9 -49 -50 0
-6 -18 -14 -21 0
-13 -18 -14 -19 0
-6 -13 -19 -21 0
-6 -24 -14 -27 0
-13 -24 -14 -25 0
-6 -13 -25 -27 0
-6 -31 -14 -34 0
-13 -31 -14 -32 0
-6 -13 -32 -34 0
-6 -39 -14 -42 0
-13 -39 -14 -40 0
-6 -13 -40 -42 0
-6 -48 -14 -51 0
-13 -48 -14 -49 0
-6 -13 -49 -51 0
-6 -24 -19 -28 0
-18 -24 -19 -25 0
-6 -18 -25 -28 0
-6 -31 -19 -35 0
-18 -31 -19 -32 0
-6 -18 -32 -35 0
-6 -39 -19 -43 0
-18 -39 -19 -40 0
-6 -18 -40 -43 0
-6 -48 -19 -52 0
-18 -48 -19 -49 0
-6 -18 -49 -52 0
-6 -31 -25 -36 0
-24 -31 -25 -32 0
-6 -24 -32 -36 0
-6 -39 -25 -44 0
-24 -39 -25 -40 0
-6 -24 -40 -44 0
-6 -48 -25 -53 0
-24 -48 -25 -49 0
-6 -24 -49 -53 0
-6 -39 -32 -45 0
-31 -39 -32 -40 0
-6 -31 -40 -45 0
-6 -48 -32 -54 0
-31 -48 -32 -49 0
-6 -31 -49 -54 0
-6 -48 -40 -55 0
-39 -48 -40 -49 0
-6 -39 -49 -55 0
-9 -18 -15 -21 0
-13 -18 -15 -20 0
-9 -13 -20 -21 0
-9 -24 -15 -27 0
-13 -24 -15 -26 0
-9 -13 -26 -27 0
-9 -31 -15 -34 0
-13 -31 -15 -33 0
-9 -13 -33 -34 0
-9 -39 -15 -42 0
-13 -39 -15 -41 0
-9 -13 -41 -42 0
-9 -48 -15 -51 0
-13 -48 -15 -50 0
-9 -13 -50 -51 0
-9 -24 -20 -28 0
-18 -24 -20 -26 0
-9 -18 -26 -28 0
-9 -31 -20 -35 0
-18 -31 -20 -33 0
-9 -18 -33 -35 0
-9 -39 -20 -43 0
-18 -39 -20 -41 0
-9 -18 -41 -43 0
-9 -48 -20 -52 0
-18 -48 -20 -50 0
-9 -18 -50 -52 0
-9 -31 -26 -36 0
-24 -31 -26 -33 0
-9 -24 -33 -36 0
-9 -39 -26 -44 0
-24 -39 -26 -41 0
-9 -24 -41 -44 0
-9 -48 -26 -53 0
-24 -48 -26 -50 0
-9 -24 -50 -53 0
-9 -39 -33 -45 0
-31 -39 -33 -41 0
-9 -31 -41 -45 0
-9 -48 -33 -54 0
-31 -48 -33 -50 0
-9 -31 -50 -54 0
-9 -48 -41 -55 0
-39 -48 -41 -50 0
-9 -39 -50 -55 0
-13 -24 -21 -28 0
-18 -24 -21 -27 0
-13 -18 -27 -28 0
-13 -31 -21 -35 0
-18 -31 -21 -34 0
-13 -18 -34 -35 0
-13 -39 -21 -43 0
-18 -39 -21 -42 0
-13 -18 -42 -43 0
-13 -48 -21 -52 0
-18 -48 -21 -51 0
-13 -18 -51 -52 0
-13 -31 -27 -36 0
-24 -31 -27 -34 0
-13 -24 -34 -36 0
-13 -39 -27 -44 0
-24 -39 -27 -42 0
-13 -24 -42 -44 0
-13 -48 -27 -53 0
-24 -48 -27 -51 0
-13 -24 -51 -53 0
-13 -39 -34 -45 0
-31 -39 -34 -42 0
-13 -31 -42 -45 0
-13 -48 -34 -54 0
-31 -48 -34 -51 0
-13 -31 -51 -54 0
-13 -48 -42 -55 0
-39 -48 -42 -51 0
-13 -39 -51 -55 0
-18 -31 -28 -36 0
-24 -31 -28 -35 0
-18 -24 -35 -36 0
-18 -39 -28 -44 0
-24 -39 -28 -43 0
-18 -24 -43 -44 0
-18 -48 -28 -53 0
-24 -48 -28 -52 0
-18 -24 -52 -53 0
-18 -39 -35 -45 0
-31 -39 -35 -43 0
-18 -31 -43 -45 0
-18 -48 -35 -54 0
-31 -48 -35 -52 0
-18 -31 -52 -54 0
-18 -48 -43 -55 0
-39 -48 -43 -52 0
-18 -39 -52 -55 0
-24 -39 -36 -45 0
-31 -39 -36 -44 0
-24 -31 -44 -45 0
-24 -48 -36 -54 0
-31 -48 -36 -53 0
-24 -31 -53 -54 0
-24 -48 -44 -55 0
-39 -48 -44 -53 0
-24 -39 -53 -55 0
-31 -48 -45 -55 0
-39 -48 -45 -54 0
-31 -39 -54 -55 0
-10 -19 -15 -21 0
-14 -19 -15 -20 0
-10 -14 -20 -21 0
-10 -25 -15 -27 0
-14 -25 -15 -26 0
-10 -14 -26 -27 0
-10 -32 -15 -34 0
-14 -32 -15 -33 0
-10 -14 -33 -34 0
-10 -40 -15 -42 0
-14 -40 -15 -41 0
-10 -14 -41 -42 0
-10 -49 -15 -51 0
-14 -49 -15 -50 0
-10 -14 -50 -51 0
-10 -25 -20 -28 0
-19 -25 -20 -26 0
-10 -19 -26 -28 0
-10 -32 -20 -35 0
-19 -32 -20 -33 0
-10 -19 -33 -35 0
-10 -40 -20 -43 0
-19 -40 -20 -41 0
-10 -19 -41 -43 0
-10 -49 -20 -52 0
-19 -49 -20 -50 0
-10 -19 -50 -52 0
-10 -32 -26 -36 0
-25 -32 -26 -33 0
-10 -25 -33 -36 0
-10 -40 -26 -44 0
-25 -40 -26 -41 0
-10 -25 -41 -44 0
-10 -49 -26 -53 0
-25 -49 -26 -50 0
-10 -25 -50 -53 0
-10 -40 -33 -45 0
-32 -40 -33 -41 0
-10 -32 -41 -45 0
-10 -49 -33 -54 0
-32 -49 -33 -50 0
-10 -32 -50 -54 0
-10 -49 -41 -55 0
-40 -49 -41 -50 0
-10 -40 -50 -55 0
-14 -25 -21 -28 0
-19 -25 -21 -27 0
-14 -19 -27 -28 0
-14 -32 -21 -35 0
-19 -32 -21 -34 0
-14 -19 -34 -35 0
-14 -40 -21 -43 0
-19 -40 -21 -42 0
-14 -19 -42 -43 0
-14 -49 -21 -52 0
-19 -49 -21 -51 0
-14 -19 -51 -52 0
-14 -32 -27 -36 0
-25 -32 -27 -34 0
-14 -25 -34 -36 0
-14 -40 -27 -44 0
-25 -40 -27 -42 0
-14 -25 -42 -44 0
-14 -49 -27 -53 0
-25 -49 -27 -51 0
-14 -25 -51 -53 0
-14 -40 -34 -45 0
-32 -40 -34 -42 0
-14 -32 -42 -45 0
-14 -49 -34 -54 0
-32 -49 -34 -51 0
-14 -32 -51 -54 0
-14 -49 -42 -55 0
-40 -49 -42 -51 0
-14 -40 -51 -55 0
-19 -32 -28 -36 0
-25 -32 -28 -35 0
-19 -25 -35 -36 0
-19 -40 -28 -44 0
-25 -40 -28 -43 0
-19 -25 -43 -44 0
-19 -49 -28 -53 0
-25 -49 -28 -52 0
-19 -25 -52 -53 0
-19 -40 -35 -45 0
-32 -40 -35 -43 0
-19 -32 -43 -45 0
-19 -49 -35 -54 0
-32 -49 -35 -52 0
-19 -32 -52 -54 0
-19 -49 -43 -55 0
-40 -49 -43 -52 0
-19 -40 -52 -55 0
-25 -40 -36 -45 0
-32 -40 -36 -44 0
-25 -32 -44 -45 0
-25 -49 -36 -54 0
-32 -49 -36 -53 0
-25 -32 -53 -54 0
-25 -49 -44 -55 0
-40 -49 -44 -53 0
-25 -40 -53 -55 0
-32 -49 -45 -55 0
-40 -49 -45 -54 0
-32 -40 -54 -55 0
-15 -26 -21 -28 0
-20 -26 -21 -27 0
-15 -20 -27 -28 0
-15 -33 -21 -35 0
-20 -33 -21 -34 0
-15 -20 -34 -35 0
-15 -41 -21 -43 0
-20 -41 -21 -42 0
-15 -20 -42 -43 0
-15 -50 -21 -52 0
-20 -50 -21 -51 0
-15 -20 -51 -52 0
-15 -33 -27 -36 0
-26 -33 -27 -34 0
-15 -26 -34 -36 0
-15 -41 -27 -44 0
-26 -41 -27 -42 0
-15 -26 -42 -44 0
-15 -50 -27 -53 0
-26 -50 -27 -51 0
-15 -26 -51 -53 0
-15 -41 -34 -45 0
-33 -41 -34 -42 0
-15 -33 -42 -45 0
-15 -50 -34 -54 0
-33 -50 -34 -51 0
-15 -33 -51 -54 0
-15 -50 -42 -55 0
-41 -50 -42 -51 0
-15 -41 -51 -55 0
-20 -33 -28 -36 0
-26 -33 -28 -35 0
-20 -26 -35 -36 0
-20 -41 -28 -44 0
-26 -41 -28 -43 0
-20 -26 -43 -44 0
-20 -50 -28 -53 0
-26 -50 -28 -52 0
-20 -26 -52 -53 0
-20 -41 -35 -45 0
-33 -41 -35 -43 0
-20 -33 -43 -45 0
-20 -50 -35 -54 0
-33 -50 -35 -52 0
-20 -33 -52 -54 0
-20 -50 -43 -55 0
-41 -50 -43 -52 0
-20 -41 -52 -55 0
-26 -41 -36 -45 0
-33 -41 -36 -44 0
-26 -33 -44 -45 0
-26 -50 -36 -54 0
-33 -50 -36 -53 0
-26 -33 -53 -54 0
-26 -50 -44 -55 0
-41 -50 -44 -53 0
-26 -41 -53 -55 0
-33 -50 -45 -55 0
-41 -50 -45 -54 0
-33 -41 -54 -55 0
-21 -34 -28 -36 0
-27 -34 -28 -35 0
-21 -27 -35 -36 0
-21 -42 -28 -44 0
-27 -42 -28 -43 0
-21 -27 -43 -44 0
-21 -51 -28 -53 0
-27 -51 -28 -52 0
-21 -27 -52 -53 0
-21 -42 -35 -45 0
-34 -42 -35 -43 0
-21 -34 -43 -45 0
-21 -51 -35 -54 0
-34 -51 -35 -52 0
-21 -34 -52 -54 0
-21 -51 -43 -55 0
-42 -51 -43 -52 0
-21 -42 -52 -55 0
-27 -42 -36 -45 0
-34 -42 -36 -44 0
-27 -34 -44 -45 0
-27 -51 -36 -54 0
-34 -51 -36 -53 0
-27 -34 -53 -54 0
-27 -51 -44 -55 0
-42 -51 -44 -53 0
-27 -42 -53 -55 0
-34 -51 -45 -55 0
-42 -51 -45 -54 0
-34 -42 -54 -55 0
-28 -43 -36 -45 0
-35 -43 -36 -44 0
-28 -35 -44 -45 0
-28 -52 -36 -54 0
-35 -52 -36 -53 0
-28 -35 -53 -54 0
-28 -52 -44 -55 0
-43 -52 -44 -53 0
-28 -43 -53 -55 0
-35 -52 -45 -55 0
-43 -52 -45 -54 0
-35 -43 -54 -55 0
-36 -53 -45 -55 0
-44 -53 -45 -54 0
-36 -44 -54 -55 0
