p cnf 40 180
-1 -4 -3 -6 0
-2 -4 -3 -5 0
-1 -2 -5 -6 0
-1 -7 -3 -9 0
-2 -7 -3 -8 0
-1 -2 -8 -9 0
-1 -7 -5 -10 0
-4 -7 -5 -8 0
-1 -4 -8 -10 0
-2 -7 -6 -10 0
-4 -7 -6 -9 0
-2 -4 -9 -10 0
-3 -8 -6 -10 0
-5 -8 -6 -9 0
-3 -5 -9 -10 0
1 -11 0
3 -11 0
2 -11 0
1 -12 0
5 -12 0
4 -12 0
1 -13 0
8 -13 0
7 -13 0
2 -14 0
6 -14 0
4 -14 0
2 -15 0
9 -15 0
7 -15 0
4 -16 0
10 -16 0
7 -16 0
3 -17 0
6 -17 0
5 -17 0
3 -18 0
9 -18 0
8 -18 0
5 -19 0
10 -19 0
8 -19 0
6 -20 0
10 -20 0
9 -20 0
11 12 13 14 15 16 0
11 12 13 17 18 19 0
11 14 15 17 18 20 0
12 14 16 17 19 20 0
13 15 16 18 19 20 0
17 18 19 20 0
14 15 16 20 0
12 13 16 19 0
11 13 15 18 0
11 12 14 17 0
1 20 0
2 19 0
4 18 0
7 17 0
3 16 0
5 15 0
8 14 0
6 13 0
9 12 0
10 11 0
1 2 3 0
1 4 5 0
1 7 8 0
2 4 6 0
2 7 9 0
4 7 10 0
3 5 6 0
3 8 9 0
5 8 10 0
6 9 10 0
1 2 4 3 5 6 0
1 2 7 3 8 9 0
1 4 7 5 8 10 0
2 4 7 6 9 10 0
3 5 8 6 9 10 0
1 2 0
1 4 0
1 7 0
2 4 0
2 7 0
4 7 0
1 3 0
1 5 0
1 8 0
3 5 0
3 8 0
5 8 0
2 3 0
2 6 0
2 9 0
3 6 0
3 9 0
6 9 0
4 5 0
4 6 0
4 10 0
5 6 0
5 10 0
6 10 0
7 8 0
7 9 0
7 10 0
8 9 0
8 10 0
9 10 0
-2 3 0
-2 21 0
3 21 0
-21 -4 5 0
-21 -4 22 0
-21 5 22 0
-22 8 -7 0
-1 3 0
-1 23 0
3 23 0
-23 -4 6 0
-23 24 -4 0
-23 24 6 0
-24 -7 9 0
-1 2 0
-1 25 0
25 2 0
-25 -5 6 0
-25 26 -5 0
-25 26 6 0
-26 -8 9 0
-1 5 0
-1 27 0
27 5 0
-27 -2 6 0
-27 28 -2 0
-27 28 6 0
-28 -7 10 0
-1 4 0
-1 29 0
4 29 0
-29 -3 6 0
-29 -3 30 0
-29 6 30 0
-30 -8 10 0
-2 4 0
-2 31 0
4 31 0
-31 5 -3 0
-31 32 -3 0
-31 32 5 0
-32 10 -9 0
-1 8 0
-1 33 0
8 33 0
-33 9 -2 0
-33 34 -2 0
-33 9 34 0
-34 10 -4 0
-1 7 0
-1 35 0
35 7 0
-35 9 -3 0
-35 36 -3 0
-35 9 36 0
-36 10 -5 0
-2 7 0
-2 37 0
37 7 0
-37 8 -3 0
-37 -3 38 0
-37 8 38 0
-38 -6 10 0
-4 7 0
-4 39 0
39 7 0
-39 8 -5 0
-39 40 -5 0
-39 8 40 0
-40 9 -6 0
